$SPEC_ID:
No sample description was entered.
$SPEC_REM:
DET# 2
DETDESC# LAB4D2 Easy-MCA-2k SN 18162513
AP# Maestro Version 7.01
$DATE_MEA:
11/24/2022 18:01:14
$MEAS_TIM:
160 180
$DATA:
0 2047
       0
       0
       0
       0
       0
       0
       0
       0
       0
       0
       0
       0
       0
       1
       0
      14
     659
    5108
   32836
   28519
   25041
   21713
   18694
   16557
   14289
   12625
   11195
    9946
    9038
    8151
    7597
    6994
    6612
    6013
    5789
    5585
    5303
    4954
    4742
    4512
    4303
    4148
    3992
    3800
    3734
    3532
    3348
    3242
    2922
    2794
    2534
    2354
    2292
    2067
    1895
    1715
    1523
    1444
    1300
    1167
    1057
     977
     971
     848
     759
     722
     684
     654
     595
     579
     624
     568
     545
     571
     571
     536
     620
     631
     594
     638
     610
     602
     571
     568
     565
     547
     457
     450
     421
     454
     440
     444
     412
     353
     362
     377
     381
     344
     394
     334
     388
     398
     382
     359
     420
     412
     379
     428
     367
     415
     424
     402
     382
     422
     416
     398
     402
     416
     390
     430
     438
     360
     426
     374
     385
     422
     380
     369
     402
     322
     318
     314
     279
     293
     308
     241
     231
     214
     211
     212
     192
     173
     163
     157
     126
     147
     124
     125
     128
     133
     130
     113
     124
     107
     116
     120
     103
     109
      97
     114
     122
     104
     124
     111
     131
     122
     125
     122
     101
     111
     111
     100
     100
     102
     105
     109
      90
      90
      91
      84
      85
      77
      65
      73
      68
      88
      89
      76
      74
      79
      73
      79
      62
      67
      76
      78
      66
      99
      70
      72
      77
      72
     101
      72
      62
      76
      73
      84
      80
      82
      98
      72
      81
      67
      80
      86
     106
     101
      90
      82
      94
      78
     120
      98
     100
     101
      80
      85
      97
      83
      80
     104
      97
      85
      89
      94
      91
     103
      99
     106
      99
     114
     117
     122
     132
     116
     147
     160
     143
     155
     165
     175
     156
     166
     165
     178
     184
     178
     190
     194
     172
     185
     192
     192
     201
     198
     192
     195
     203
     201
     215
     236
     238
     242
     245
     231
     254
     254
     285
     282
     315
     315
     384
     357
     444
     562
     593
     626
     790
     857
    1036
    1171
    1404
    1662
    1937
    2362
    2800
    3336
    4126
    4723
    5498
    6310
    7081
    8042
    8617
    9371
   10074
   10511
   10498
   10416
    9916
    9400
    8496
    7931
    7065
    6011
    5156
    4180
    3640
    3099
    2691
    2243
    1878
    1774
    1568
    1421
    1236
    1168
    1057
     988
     887
     822
     772
     648
     633
     547
     437
     442
     365
     326
     288
     241
     215
     175
     161
     138
     109
     109
     102
      86
      57
      69
      76
      46
      41
      47
      36
      44
      47
      30
      30
      24
      30
      41
      19
      21
      26
      26
      25
      22
      22
      23
      17
      12
      14
      19
      15
      16
       9
       9
      10
      10
      13
      13
       8
       8
      12
       8
      10
       4
      11
       8
       9
       8
       6
       7
       6
      13
       8
       9
       9
       9
      13
      17
      11
       9
      12
      11
      11
      17
      14
       9
      12
       6
      15
      11
       8
      10
      16
       8
       8
       5
      15
       8
      14
       9
       2
      12
      12
      12
      11
       7
       7
       7
      10
      10
      15
      12
       5
      10
      11
      15
      11
       8
      16
       8
       4
       9
      10
      12
       6
       4
       6
       5
      10
      10
       4
       4
       7
       8
      12
       8
       3
       7
      11
      13
       8
       4
       2
       8
       6
       8
       6
       3
       2
       7
       7
       5
       3
       7
       6
      20
       5
       9
       5
       7
       8
       2
       8
       6
       2
       6
       6
       5
       6
       8
       7
       7
       9
       7
       8
       5
       8
       8
       7
      10
       5
       6
       7
       9
       9
       5
      11
      16
      11
       8
      10
      10
       8
       8
      15
       8
      12
      10
      10
      13
      10
       7
      13
       5
       2
       9
       4
      15
       7
      10
      13
       9
       8
       8
       9
      14
       7
      10
       7
      12
      18
      12
       8
       6
      11
      11
       8
       6
      10
      11
      15
       9
      13
       9
       7
      10
      12
       7
       5
      16
      10
       6
       7
       7
       3
      10
       9
       7
      11
      13
       8
      12
       8
      10
       7
       8
       9
       6
       7
      12
       5
       4
       9
      13
       8
       8
       7
       7
      11
      13
      10
      11
       8
      14
      11
      14
      10
       8
      14
       8
      10
      14
      10
      14
       8
      14
      21
      13
       9
       9
      15
      16
      15
      12
      23
      12
      18
      15
      15
      14
      10
      15
      13
      17
      10
      10
       7
      12
       9
       6
       2
       3
       2
       2
       5
       1
       3
       1
       2
       1
       1
       3
       2
       3
       3
       2
       1
       2
       1
       0
       0
       1
       0
       4
       1
       1
       0
       0
       4
       2
       0
       1
       0
       2
       0
       0
       0
       0
       1
       0
       0
       0
       0
       1
       0
       0
       0
       0
       1
       0
       0
       0
       0
       0
       0
       0
       1
       1
       0
       0
       1
       1
       0
       0
       2
       0
       0
       1
       0
       0
       0
       0
       0
       0
       0
       0
       0
       0
       0
       0
       1
       1
       0
       0
       0
       0
       0
       0
       0
       1
       0
       1
       0
       0
       0
       0
       0
       1
       0
       0
       0
       0
       0
       0
       0
       1
       0
       0
       0
       0
       0
       0
       0
       0
       0
       0
       0
       0
       0
       0
       0
       0
       0
       2
       0
       0
       0
       0
       0
       0
       0
       0
       0
       0
       0
       0
       0
       0
       1
       1
       0
       0
       0
       0
       0
       0
       0
       0
       0
       0
       0
       0
       1
       0
       0
       1
       0
       0
       0
       0
       0
       0
       1
       0
       0
       0
       1
       0
       1
       0
       0
       0
       0
       0
       0
       1
       0
       0
       0
       0
       0
       1
       0
       0
       0
       0
       0
       0
       0
       0
       0
       1
       0
       0
       0
       1
       0
       0
       0
       0
       0
       0
       0
       0
       1
       0
       0
       0
       0
       0
       0
       0
       0
       0
       1
       0
       0
       1
       1
       1
       0
       0
       0
       0
       0
       0
       0
       0
       0
       0
       0
       0
       1
       0
       0
       0
       0
       0
       0
       0
       0
       0
       0
       0
       0
       0
       0
       1
       2
       0
       0
       0
       0
       0
       0
       0
       0
       0
       0
       0
       1
       0
       1
       1
       0
       0
       0
       0
       0
       0
       0
       0
       0
       0
       0
       0
       1
       0
       0
       0
       1
       0
       0
       1
       0
       0
       0
       0
       0
       0
       0
       0
       0
       0
       0
       0
       0
       0
       0
       0
       0
       0
       0
       0
       0
       0
       0
       0
       1
       0
       1
       0
       0
       0
       0
       1
       0
       0
       0
       0
       0
       0
       0
       0
       0
       0
       1
       0
       0
       0
       0
       0
       0
       0
       0
       0
       0
       0
       0
       0
       0
       0
       0
       1
       0
       1
       0
       0
       0
       0
       0
       0
       0
       0
       0
       0
       0
       0
       0
       1
       0
       0
       1
       0
       0
       1
       0
       0
       0
       0
       0
       0
       0
       0
       0
       0
       0
       0
       0
       0
       0
       0
       0
       0
       0
       0
       0
       0
       0
       0
       0
       0
       0
       0
       1
       0
       0
       0
       0
       0
       0
       1
       0
       0
       0
       0
       0
       0
       0
       0
       0
       0
       0
       0
       0
       0
       0
       0
       0
       1
       0
       0
       0
       0
       0
       0
       0
       0
       0
       0
       0
       0
       0
       0
       0
       0
       0
       1
       0
       0
       0
       0
       1
       0
       0
       1
       0
       1
       0
       0
       0
       0
       0
       0
       0
       0
       0
       1
       0
       0
       0
       0
       0
       0
       0
       0
       0
       0
       0
       0
       0
       0
       0
       0
       0
       0
       0
       0
       0
       0
       0
       0
       0
       0
       1
       0
       0
       0
       0
       0
       0
       0
       1
       0
       0
       0
       0
       0
       0
       0
       1
       0
       1
       0
       0
       1
       0
       0
       0
       0
       0
       0
       0
       0
       0
       0
       0
       0
       0
       0
       0
       0
       0
       0
       0
       0
       0
       1
       0
       0
       0
       0
       0
       0
       0
       0
       0
       0
       0
       0
       0
       0
       0
       0
       0
       1
       0
       0
       0
       0
       0
       0
       0
       0
       0
       0
       0
       0
       0
       0
       0
       0
       0
       0
       1
       0
       0
       0
       0
       0
       0
       0
       0
       0
       0
       0
       1
       0
       0
       0
       0
       0
       0
       0
       0
       0
       0
       0
       0
       0
       0
       0
       0
       0
       0
       0
       0
       0
       0
       0
       0
       0
       0
       0
       0
       0
       0
       0
       0
       0
       0
       0
       0
       0
       0
       0
       0
       0
       0
       0
       0
       0
       0
       0
       0
       1
       0
       0
       0
       0
       0
       0
       0
       0
       0
       0
       0
       0
       0
       0
       0
       0
       0
       0
       0
       0
       0
       0
       0
       0
       0
       0
       0
       0
       0
       0
       0
       0
       0
       0
       1
       0
       0
       0
       0
       0
       0
       0
       0
       0
       0
       0
       1
       0
       0
       0
       0
       0
       0
       0
       0
       0
       0
       0
       0
       0
       0
       0
       0
       0
       0
       0
       0
       0
       0
       0
       0
       0
       0
       0
       1
       0
       0
       0
       0
       0
       0
       0
       0
       0
       0
       0
       0
       0
       0
       0
       0
       0
       0
       0
       0
       0
       0
       0
       0
       0
       0
       0
       0
       0
       0
       0
       0
       0
       0
       0
       0
       0
       0
       0
       0
       0
       0
       0
       0
       0
       0
       0
       0
       0
       0
       0
       0
       0
       0
       0
       0
       0
       1
       0
       0
       0
       0
       0
       1
       0
       0
       0
       0
       0
       0
       0
       0
       0
       0
       1
       0
       0
       0
       1
       0
       0
       0
       0
       0
       0
       0
       0
       0
       0
       0
       0
       0
       0
       0
       0
       0
       0
       0
       0
       0
       0
       0
       0
       0
       0
       0
       0
       0
       0
       0
       0
       0
       0
       0
       0
       0
       0
       0
       0
       0
       0
       1
       0
       0
       0
       0
       0
       0
       0
       0
       0
       0
       0
       1
       0
       0
       0
       0
       0
       0
       1
       0
       0
       0
       0
       0
       0
       0
       0
       0
       0
       0
       0
       0
       0
       0
       0
       0
       0
       0
       0
       0
       0
       0
       0
       0
       0
       0
       0
       0
       0
       0
       0
       0
       0
       0
       0
       0
       0
       0
       0
       0
       0
       0
       0
       0
       0
       0
       0
       0
       0
       0
       0
       0
       0
       0
       0
       0
       0
       0
       0
       0
       0
       0
       0
       0
       0
       0
       0
       0
       0
       0
       0
       0
       0
       0
       0
       0
       0
       0
       0
       0
       0
       0
       0
       0
       0
       0
       0
       0
       0
       0
       0
       0
       0
       0
       0
       0
       0
       0
       0
       0
       0
       0
       0
       0
       0
       0
       0
       0
       0
       0
       0
       0
       0
       0
       0
       0
       0
       0
       0
       0
       0
       0
       0
       0
       0
       0
       0
       0
       0
       0
       0
       0
       0
       0
       0
       0
       0
       0
       0
       0
       0
       0
       0
       0
       0
       0
       0
       0
       0
       0
       0
       0
       0
       1
       0
       0
       0
       0
       0
       0
       0
       0
       0
       0
       0
       0
       0
       0
       0
       0
       0
       0
       0
       0
       0
       0
       0
       0
       0
       0
       0
       0
       0
       1
       0
       0
       0
       0
       0
       0
       0
       0
       0
       0
       0
       0
       0
       0
       0
       0
       0
       0
       0
       1
       0
       0
       0
       0
       0
       0
       0
       0
       0
       0
       0
       0
       0
       0
       0
       0
       0
       0
       0
       0
       0
       0
       0
       0
       0
       0
       0
       0
       0
       0
       0
       0
       0
       0
       0
       0
       0
       0
       0
       0
       0
       0
       0
       0
       0
       0
       0
       0
       0
       0
       0
       0
       0
       0
       0
       0
       0
       0
       0
       0
       0
       0
       0
       0
       0
       0
       0
       0
       0
       0
       0
       0
       0
       1
       0
       0
       0
       0
       0
       0
       0
       0
       0
       0
       0
       0
       0
       0
       0
       0
       0
       0
       0
       0
       0
       0
       0
       0
       0
       0
       0
       0
       0
       0
       0
       0
       0
       0
       0
       0
       0
       0
       0
       0
       0
       0
       0
       0
       0
       0
       0
       0
       0
       0
       0
       0
       0
       0
       0
       0
       0
       0
       1
       0
       0
       0
       0
       0
       0
       0
       0
       0
       0
       0
       0
       0
       0
       0
       0
       0
       0
       0
       0
       0
       0
       0
       0
       0
       0
       0
       0
       0
       0
       0
       0
       0
       0
       0
       0
       0
       0
       0
       0
       0
       0
       0
       0
       0
       0
       0
       0
       0
       0
       0
       0
       0
       0
       0
       0
       0
       0
       0
       0
       0
       0
       0
       0
       0
       0
       0
       0
       0
       0
       0
       0
       0
       0
       0
       0
       0
       0
       0
       0
       0
       0
       0
       0
       0
       0
       0
       0
       0
       0
       0
       0
       0
       0
       0
       0
       0
       1
       0
       0
       0
       0
       0
       0
       0
       0
       0
       0
       0
       0
       0
       0
       0
       0
       0
       0
       0
       0
       0
       0
       0
       0
       0
       0
       0
       0
       0
       0
       0
       0
       0
       0
       0
       0
       0
       0
       0
       0
       0
       0
       0
       0
       0
       0
       0
       0
       0
       0
       0
       0
       0
       0
       0
       0
       0
       0
       0
       0
       0
       0
       0
       0
       0
       0
       0
       0
       0
       0
       0
       0
       0
       0
       0
       0
       0
       0
       0
       0
       0
       0
       0
       0
       0
       0
       0
       0
       0
       0
       0
       0
       0
       0
       0
       0
       0
       0
       0
       0
       0
       0
       0
       0
       0
       0
       0
       0
       0
       0
       0
       0
       0
       0
       0
       0
       0
       0
       0
       0
       0
       0
       0
       0
       0
       0
       0
       0
       0
       0
       0
       0
       0
       0
$ROI:
1
101 146
$PRESETS:
Real Time
180
0
$ENER_FIT:
0.000000 0.000000
$MCA_CAL:
3
0.000000E+000 0.000000E+000 0.000000E+000 
$SHAPE_CAL:
3
0.000000E+000 0.000000E+000 0.000000E+000
