$SPEC_ID:
No sample description was entered.
$SPEC_REM:
DET# 2
DETDESC# LAB4D2 Easy-MCA-2k SN 18162513
AP# Maestro Version 7.01
$DATE_MEA:
11/24/2022 17:56:59
$MEAS_TIM:
174 180
$DATA:
0 2047
       0
       0
       0
       0
       0
       0
       0
       0
       0
       0
       0
       0
       0
       0
       0
       9
     284
    2020
   12919
   10756
    8787
    7453
    6192
    5035
    4260
    3645
    3168
    2818
    2499
    2245
    2065
    1932
    1855
    1856
    1726
    1564
    1499
    1506
    1565
    1474
    1431
    1434
    1322
    1372
    1268
    1251
    1140
    1162
    1076
     953
     926
     834
     841
     708
     712
     628
     549
     493
     459
     423
     393
     380
     313
     310
     273
     244
     228
     216
     220
     204
     175
     211
     216
     195
     196
     207
     213
     226
     216
     194
     211
     202
     187
     177
     166
     171
     156
     143
     136
     129
     107
      91
     116
     134
     107
     111
     120
     115
      85
     119
     109
     121
     124
     115
     120
     144
     126
     147
     151
     139
     152
     146
     148
     161
     172
     138
     156
     168
     162
     134
     146
     162
     131
     131
     132
      98
     105
      97
     110
      89
      96
     102
      96
      82
      71
      71
      70
      70
      52
      55
      57
      50
      49
      60
      51
      42
      36
      30
      33
      53
      40
      43
      37
      41
      55
      35
      36
      25
      40
      46
      30
      49
      43
      61
      44
      42
      42
      62
      51
      49
      52
      49
      42
      43
      46
      35
      47
      50
      34
      31
      33
      29
      49
      47
      56
      36
      44
      36
      56
      42
      43
      41
      45
      44
      35
      51
      32
      51
      44
      49
      50
      68
      69
      65
      73
      93
      93
     103
     110
     141
     145
     199
     189
     195
     224
     236
     243
     272
     250
     263
     235
     256
     219
     185
     168
     151
     129
     118
     135
      77
      79
      69
      60
      60
      57
      54
      63
      59
      64
      64
      56
      82
      83
      75
     103
      93
      99
     110
      97
     102
     104
     104
     118
     115
     107
     113
     104
     120
     101
      88
      83
      84
      60
      85
      64
      64
      71
      78
      48
      74
      66
      75
      71
      76
      70
      74
      82
      84
      75
      92
     100
     114
     113
     140
     144
     182
     198
     221
     269
     290
     350
     424
     540
     613
     691
     814
     973
    1179
    1328
    1684
    1876
    2198
    2570
    2853
    3261
    3669
    3848
    4020
    4057
    4032
    3902
    3808
    3387
    3198
    2808
    2466
    2099
    1727
    1394
    1173
     888
     652
     558
     431
     339
     288
     232
     226
     179
     176
     126
     140
     101
     110
      77
      82
      80
      75
      43
      36
      29
      31
      20
      17
      14
      14
      13
      11
      11
       9
      10
       7
       4
       2
       5
       6
       4
       5
       5
       5
       5
       5
       7
       6
       8
       7
       3
       4
       2
       3
       6
       4
       0
       4
       6
       4
       2
       4
       1
       2
       3
       2
       2
       2
       1
       1
       3
       3
       2
       5
       2
       1
       3
       3
       3
       3
       2
       3
       4
       1
       1
       0
       2
       2
       1
       3
       3
       4
       1
       4
       3
       2
       5
       2
       0
       3
       5
       2
       2
       1
       3
       4
       3
       2
       3
       1
       1
       2
       1
       1
       2
       0
       3
       1
       0
       0
       1
       1
       3
       2
       1
       0
       3
       3
       3
       1
       4
       1
       1
       3
       1
       1
       3
       4
       1
       1
       1
       1
       2
       1
       0
       0
       3
       0
       3
       2
       1
       2
       1
       1
       0
       3
       2
       1
       0
       3
       0
       3
       1
       1
       2
       4
       2
       1
       0
       2
       2
       0
       3
       1
       4
       1
       2
       0
       1
       2
       1
       1
       3
       1
       0
       0
       3
       0
       1
       0
       2
       2
       0
       4
       4
       4
       3
       0
       2
       4
       3
       5
       5
       1
       2
       8
       1
       3
       6
       4
       2
       2
       4
       1
       6
       5
       2
       3
       4
       2
       2
       3
       2
       2
       4
       3
       3
       3
       4
       3
       3
       5
       1
       2
       4
       3
       3
       4
       0
       3
       0
       0
       1
       1
       2
       1
       1
       1
       1
       4
       3
       2
       1
       1
       0
       2
       1
       0
       0
       0
       0
       2
       1
       0
       2
       1
       2
       2
       0
       0
       1
       1
       4
       0
       4
       2
       0
       0
       3
       2
       0
       0
       2
       0
       3
       2
       1
       2
       0
       0
       0
       3
       1
       1
       2
       1
       4
       4
       4
       1
       4
       1
       3
       2
       0
       2
       2
       1
       1
       3
       0
       0
       5
       2
       2
       4
       2
       1
       2
       0
       1
       1
       1
       0
       2
       1
       1
       0
       0
       0
       1
       0
       1
       0
       0
       0
       0
       1
       0
       0
       0
       0
       2
       1
       0
       1
       0
       1
       0
       0
       3
       0
       0
       1
       0
       0
       0
       0
       0
       0
       0
       0
       0
       1
       0
       0
       0
       0
       0
       0
       1
       0
       0
       0
       0
       1
       0
       0
       0
       0
       0
       0
       0
       0
       0
       1
       0
       0
       0
       0
       0
       0
       0
       0
       0
       1
       0
       0
       0
       0
       0
       0
       0
       0
       0
       0
       0
       0
       0
       0
       0
       0
       1
       0
       0
       0
       0
       0
       0
       0
       0
       0
       1
       0
       0
       0
       0
       0
       0
       0
       0
       0
       1
       0
       0
       0
       0
       0
       0
       1
       0
       0
       0
       0
       0
       0
       0
       0
       0
       0
       0
       0
       0
       0
       0
       0
       1
       1
       0
       0
       0
       0
       0
       0
       0
       0
       0
       0
       0
       0
       0
       0
       0
       0
       0
       0
       0
       0
       0
       0
       0
       0
       0
       0
       1
       0
       0
       0
       0
       0
       0
       0
       0
       0
       0
       0
       0
       0
       0
       0
       0
       0
       0
       0
       0
       0
       0
       0
       0
       1
       0
       0
       0
       1
       0
       0
       0
       1
       0
       0
       0
       0
       0
       0
       0
       0
       0
       0
       0
       0
       0
       1
       0
       0
       0
       0
       0
       0
       0
       1
       0
       0
       0
       0
       0
       0
       0
       0
       0
       0
       0
       0
       0
       0
       0
       0
       1
       0
       0
       0
       0
       0
       0
       0
       0
       0
       0
       0
       0
       0
       0
       0
       0
       0
       0
       1
       0
       0
       0
       0
       0
       0
       0
       0
       0
       0
       0
       0
       0
       0
       0
       0
       0
       0
       0
       0
       0
       0
       0
       0
       0
       0
       0
       0
       0
       0
       0
       0
       0
       0
       0
       0
       0
       0
       0
       0
       0
       0
       0
       0
       0
       0
       0
       0
       0
       0
       0
       0
       0
       0
       0
       0
       0
       0
       0
       0
       0
       0
       0
       1
       0
       1
       0
       0
       0
       0
       0
       0
       0
       0
       0
       0
       0
       0
       0
       1
       0
       0
       0
       0
       0
       0
       0
       0
       0
       0
       0
       0
       0
       0
       0
       0
       0
       0
       0
       0
       0
       0
       0
       0
       0
       0
       0
       0
       0
       0
       1
       0
       0
       0
       0
       0
       0
       0
       0
       0
       0
       0
       0
       0
       0
       0
       0
       0
       0
       0
       0
       0
       0
       0
       0
       0
       0
       0
       0
       0
       0
       0
       0
       0
       0
       0
       1
       0
       0
       0
       0
       0
       1
       0
       0
       0
       0
       0
       0
       0
       0
       0
       0
       1
       0
       0
       0
       0
       0
       0
       0
       0
       0
       0
       0
       0
       0
       0
       1
       0
       0
       0
       0
       0
       0
       0
       0
       0
       0
       1
       0
       0
       0
       0
       0
       0
       0
       0
       0
       0
       0
       0
       0
       0
       0
       0
       0
       0
       0
       0
       0
       0
       0
       0
       0
       0
       0
       0
       0
       0
       0
       0
       1
       0
       1
       0
       0
       0
       0
       0
       0
       0
       0
       0
       0
       0
       0
       0
       0
       0
       0
       0
       0
       0
       0
       0
       0
       0
       0
       0
       0
       0
       0
       0
       0
       0
       0
       0
       1
       0
       0
       1
       0
       0
       0
       0
       0
       0
       0
       0
       1
       0
       0
       0
       0
       1
       0
       0
       0
       0
       0
       0
       0
       0
       0
       0
       0
       0
       0
       0
       0
       0
       0
       0
       0
       0
       0
       0
       0
       0
       0
       0
       0
       0
       0
       0
       0
       0
       0
       0
       0
       0
       0
       0
       0
       0
       0
       0
       0
       0
       0
       0
       0
       1
       1
       0
       0
       0
       0
       0
       0
       0
       0
       0
       0
       0
       0
       0
       0
       0
       0
       0
       0
       0
       0
       0
       0
       0
       0
       0
       0
       0
       0
       0
       0
       0
       0
       0
       0
       0
       0
       0
       0
       0
       0
       0
       0
       0
       0
       0
       0
       0
       0
       0
       0
       0
       0
       0
       0
       0
       0
       0
       0
       0
       0
       0
       0
       0
       0
       0
       0
       0
       0
       0
       0
       0
       0
       1
       0
       0
       0
       0
       0
       0
       0
       0
       0
       0
       0
       0
       0
       0
       0
       0
       0
       0
       0
       0
       0
       0
       0
       0
       0
       0
       0
       0
       0
       0
       0
       0
       0
       0
       0
       0
       0
       0
       0
       0
       0
       0
       0
       0
       0
       0
       0
       0
       0
       0
       0
       0
       1
       0
       0
       0
       0
       0
       0
       0
       0
       0
       0
       0
       0
       0
       0
       0
       0
       0
       0
       0
       0
       0
       0
       0
       0
       0
       0
       0
       0
       0
       0
       0
       0
       0
       0
       1
       0
       0
       0
       0
       0
       0
       0
       0
       1
       0
       0
       0
       0
       0
       0
       0
       0
       0
       0
       0
       0
       0
       0
       0
       0
       0
       0
       0
       0
       0
       0
       0
       0
       0
       0
       0
       0
       0
       0
       0
       0
       0
       0
       0
       0
       0
       0
       0
       0
       0
       0
       0
       0
       0
       0
       0
       0
       0
       0
       0
       0
       0
       0
       0
       0
       0
       0
       0
       0
       0
       0
       0
       0
       0
       0
       0
       0
       0
       0
       0
       0
       0
       0
       0
       0
       0
       0
       0
       0
       0
       0
       0
       0
       0
       0
       0
       0
       0
       0
       0
       0
       0
       0
       0
       0
       0
       0
       0
       0
       0
       0
       0
       0
       0
       0
       0
       0
       0
       0
       0
       0
       0
       1
       0
       1
       0
       0
       0
       0
       0
       0
       0
       0
       0
       0
       0
       0
       0
       0
       0
       0
       0
       0
       0
       0
       0
       0
       0
       0
       0
       0
       0
       0
       0
       0
       0
       0
       0
       0
       0
       0
       0
       0
       0
       0
       0
       0
       0
       0
       0
       0
       0
       0
       0
       0
       0
       0
       0
       0
       0
       0
       0
       0
       0
       0
       0
       0
       0
       0
       0
       0
       0
       0
       0
       0
       0
       0
       0
       0
       0
       0
       0
       0
       0
       1
       0
       0
       0
       0
       0
       0
       0
       0
       0
       0
       0
       0
       0
       0
       0
       0
       0
       0
       0
       0
       0
       0
       0
       0
       0
       0
       0
       0
       0
       0
       0
       0
       0
       0
       0
       0
       0
       0
       0
       0
       0
       0
       0
       0
       0
       0
       0
       0
       0
       0
       0
       1
       0
       0
       0
       0
       0
       0
       0
       0
       0
       0
       0
       0
       0
       0
       0
       0
       0
       0
       0
       0
       0
       0
       0
       0
       0
       0
       0
       0
       0
       0
       0
       0
       0
       1
       0
       0
       0
       0
       0
       0
       0
       0
       0
       0
       0
       0
       0
       0
       0
       0
       0
       0
       0
       0
       0
       0
       0
       0
       0
       0
       0
       0
       0
       0
       0
       1
       0
       1
       0
       0
       0
       0
       0
       0
       0
       0
       0
       0
       0
       0
       0
       0
       0
       0
       0
       0
       0
       0
       0
       0
       0
       0
       0
       0
       0
       0
       0
       0
       0
       0
       0
       0
       0
       0
       0
       0
       0
       0
       0
       0
       0
       0
       0
       0
       0
       0
       0
       0
       0
       0
       0
       0
       0
       0
       0
       0
       0
       0
       0
       0
       0
       0
       0
       0
       0
       0
       0
       0
       0
       0
       0
       0
       0
       0
       0
       0
       0
       0
       0
       0
       0
       0
       0
       0
       0
       0
       0
       0
       0
       0
       0
       0
       0
       0
       0
       0
       0
       0
       0
       0
       0
       0
       0
       0
       0
       0
       0
       0
       0
       0
       0
       0
       0
       0
       0
       0
       0
       0
       0
       0
       0
       0
       0
       0
       0
       0
       0
       0
       0
       0
       0
       0
       0
       0
       0
       0
       0
       0
       0
       0
       0
       0
       0
       0
       0
       0
       0
       0
       0
       0
       0
       0
       0
       0
       0
       0
       0
       0
       0
       0
       0
       0
       1
       0
       0
       0
       0
       0
       0
       0
       0
       0
       0
       0
       0
       0
       0
       0
       0
       0
       0
       0
       0
       0
       0
       0
       0
       0
       0
       0
       0
       0
       0
       0
       0
       0
       0
       0
       0
       0
       0
       0
       0
       0
       1
       0
       0
       0
       0
       0
       0
       0
       0
       1
       0
       0
       0
       0
       0
       0
       0
       0
       0
       0
       0
       0
       0
       0
       0
       0
       0
       0
       0
       0
       0
       0
       0
       0
       0
       0
       0
       0
       0
       0
       0
       0
       0
       0
       0
       0
       0
       0
       0
       0
       0
       0
       0
       0
       0
       0
       0
       0
       0
       0
       0
       0
       0
       0
       0
       0
       0
       0
       0
       0
       0
       0
       0
       0
       0
       0
       0
       0
       0
       0
       0
       0
       0
       0
       0
       0
       0
       0
       0
       0
       0
       0
       0
       0
       0
       0
       0
       0
       0
       0
       0
       0
       0
       0
       0
       0
       0
       0
       0
       0
       0
       0
       0
       0
       0
       0
       0
       0
       0
       0
       0
       0
       0
       0
       0
       0
       0
       0
       0
       0
       0
       0
       0
       0
       0
       0
       0
       0
       0
$ROI:
1
101 146
$PRESETS:
Real Time
180
0
$ENER_FIT:
0.000000 0.000000
$MCA_CAL:
3
0.000000E+000 0.000000E+000 0.000000E+000 
$SHAPE_CAL:
3
0.000000E+000 0.000000E+000 0.000000E+000
