$SPEC_ID:
No sample description was entered.
$SPEC_REM:
DET# 2
DETDESC# LAB4D2 Easy-MCA-2k SN 18162513
AP# Maestro Version 7.01
$DATE_MEA:
11/24/2022 18:05:41
$MEAS_TIM:
168 180
$DATA:
0 2047
       0
       0
       0
       0
       0
       0
       0
       0
       0
       0
       0
       0
       0
       0
       0
      18
     525
    3606
   22939
   19510
   16640
   14283
   12188
   10529
    9143
    7802
    6862
    6006
    5488
    4797
    4433
    4126
    3727
    3561
    3449
    3195
    3034
    2987
    2855
    2801
    2749
    2634
    2611
    2528
    2293
    2244
    2175
    2091
    2000
    1801
    1705
    1589
    1490
    1388
    1176
    1123
     998
     977
     846
     789
     730
     647
     562
     576
     495
     479
     471
     452
     463
     458
     491
     571
     628
     645
     755
     811
     862
     936
     976
    1009
    1000
    1087
    1045
     998
     939
     889
     840
     809
     648
     614
     551
     511
     466
     456
     414
     417
     331
     317
     353
     333
     281
     271
     270
     261
     268
     256
     279
     251
     255
     240
     285
     266
     261
     289
     272
     281
     298
     262
     248
     248
     216
     202
     200
     169
     180
     189
     155
     151
     145
     133
     115
     117
     103
      84
     130
     107
      80
     106
     102
      97
      87
      90
      87
      80
      77
      79
      86
      61
      82
      65
      84
      81
      58
      50
      72
      71
      57
      77
      60
      78
      58
      58
      42
      69
      61
      63
      57
      72
      62
      62
      49
      59
      56
      66
      52
      68
      43
      60
      43
      58
      47
      52
      55
      52
      53
      51
      60
      51
      66
      48
      62
      55
      47
      47
      48
      55
      55
      53
      53
      60
      48
      50
      52
      49
      37
      45
      57
      46
      60
      51
      56
      40
      46
      43
      40
      58
      60
      56
      43
      34
      59
      61
      63
      51
      56
      46
      62
      53
      68
      72
      60
      57
      58
      57
      58
      48
      69
      71
      63
      67
      65
      62
      82
      76
      87
      91
      78
      88
      84
     100
      93
      94
     111
      92
     105
     117
     110
     116
     114
     105
     119
     119
     122
     129
     125
     123
     115
     128
     128
     124
     138
     162
     121
     146
     167
     150
     156
     172
     189
     205
     212
     223
     271
     318
     317
     338
     442
     488
     561
     676
     704
     860
    1042
    1155
    1425
    1669
    1943
    2305
    2752
    3144
    3795
    4335
    4965
    5509
    6136
    6571
    6924
    7360
    7398
    7258
    7125
    6673
    6287
    5498
    5015
    4339
    3685
    3017
    2592
    2203
    1730
    1440
    1166
     965
     852
     770
     650
     585
     569
     455
     423
     376
     343
     318
     253
     235
     209
     176
     175
     129
     120
     107
     115
      70
      65
      68
      47
      40
      33
      32
      29
      26
      22
      16
      19
      24
      26
      20
      17
      20
      17
      19
      15
       8
       9
      12
      13
       8
       8
      13
       9
       4
       8
      10
      12
       3
       5
       8
       5
       9
       8
       3
       6
       3
       4
       7
       6
       7
      12
       7
       7
       7
       4
       5
       7
       5
       5
       7
       5
      10
       3
       7
       9
       6
       6
       9
       4
       4
       3
       6
      11
      10
       9
       3
       6
       2
       2
       6
       6
       3
       6
       4
       3
       3
       2
       5
       7
       7
       5
       4
       5
      11
       1
       2
       3
       3
       4
       4
       8
       5
      10
       2
       4
       3
       5
       1
       6
       5
       4
       6
       3
       1
       3
       3
       1
       9
       0
       7
       4
       1
       4
       3
       6
       3
       3
       3
       4
       2
       2
       3
       2
       6
       3
       4
       5
       6
       3
       2
       0
       6
       1
       4
       1
       2
       0
       5
       4
       3
       5
       2
       5
       5
       1
       5
       3
       2
       5
       3
       6
       5
       1
       4
       3
       0
       3
       3
      10
       2
       5
       2
       8
       7
       3
      10
       6
      11
       5
       6
       3
      11
      10
       7
       6
       5
       9
       5
       4
       4
       6
      10
       5
       3
       4
       6
       8
       3
       5
       8
       4
       4
       4
       6
       6
       9
       7
       9
       5
       3
       8
       5
       4
       8
       5
       4
       7
       2
       3
       3
       3
       5
       4
       2
       6
       5
       7
       9
       6
       1
       3
       5
       5
       3
       4
       3
       2
       7
       7
       2
       5
       1
       3
       2
       2
       4
       1
       2
       1
       3
       7
       2
       3
       5
       5
      13
       3
       5
       4
       3
       7
       7
       3
       4
       6
       1
       3
       6
       6
       3
       6
       4
       5
       4
       9
       5
      14
       5
       3
       8
       9
       8
       7
      12
       4
       3
       9
       5
       6
       6
       6
       7
       4
       5
       4
       3
       0
       3
       2
       2
       7
       1
       1
       4
       1
       0
       2
       0
       1
       0
       3
       1
       0
       0
       0
       0
       0
       1
       0
       0
       0
       0
       0
       1
       2
       1
       0
       0
       0
       0
       0
       0
       0
       1
       0
       0
       2
       0
       0
       0
       2
       0
       1
       0
       0
       0
       0
       0
       0
       1
       0
       0
       0
       0
       0
       0
       1
       0
       0
       0
       1
       0
       0
       0
       0
       0
       0
       0
       0
       0
       0
       0
       0
       0
       0
       0
       1
       0
       0
       1
       0
       0
       0
       0
       0
       0
       0
       0
       0
       0
       1
       0
       0
       0
       0
       0
       0
       0
       0
       1
       1
       1
       0
       0
       1
       0
       0
       0
       1
       0
       0
       0
       0
       0
       0
       0
       0
       0
       1
       0
       0
       0
       0
       0
       1
       0
       0
       0
       1
       0
       0
       0
       0
       0
       0
       0
       0
       0
       0
       0
       0
       0
       0
       0
       0
       1
       0
       0
       0
       0
       0
       0
       0
       0
       0
       0
       0
       0
       0
       1
       0
       0
       0
       0
       0
       0
       0
       0
       0
       0
       0
       0
       0
       0
       0
       1
       0
       0
       0
       1
       0
       0
       0
       0
       0
       0
       0
       0
       0
       0
       0
       0
       0
       0
       0
       0
       0
       0
       0
       0
       0
       0
       0
       1
       0
       0
       0
       0
       0
       0
       0
       0
       0
       0
       0
       0
       0
       0
       0
       0
       0
       0
       0
       0
       0
       0
       0
       0
       0
       0
       0
       0
       0
       0
       0
       0
       0
       0
       0
       0
       0
       1
       0
       0
       0
       0
       0
       0
       0
       0
       0
       0
       1
       0
       0
       0
       0
       0
       0
       0
       0
       0
       0
       0
       0
       2
       0
       0
       0
       1
       0
       0
       0
       0
       0
       1
       0
       0
       0
       0
       0
       0
       0
       0
       0
       0
       1
       0
       0
       0
       0
       0
       1
       0
       0
       0
       0
       0
       0
       0
       1
       0
       0
       0
       0
       0
       0
       0
       0
       0
       0
       0
       0
       0
       0
       0
       0
       0
       0
       0
       0
       0
       0
       0
       0
       1
       0
       1
       1
       0
       0
       0
       0
       0
       0
       0
       1
       0
       0
       0
       0
       0
       0
       0
       0
       0
       0
       0
       0
       0
       0
       0
       0
       0
       0
       0
       0
       0
       0
       0
       0
       0
       0
       0
       0
       0
       0
       0
       0
       0
       0
       0
       0
       0
       0
       0
       1
       0
       0
       0
       0
       1
       0
       0
       0
       0
       0
       0
       0
       1
       0
       1
       0
       0
       0
       0
       0
       0
       0
       0
       0
       0
       1
       0
       0
       0
       0
       0
       1
       0
       0
       0
       0
       0
       1
       0
       0
       0
       0
       0
       0
       0
       0
       0
       0
       0
       0
       0
       0
       0
       0
       0
       0
       0
       0
       0
       0
       0
       0
       0
       0
       0
       0
       0
       0
       0
       0
       0
       0
       1
       0
       0
       0
       0
       0
       0
       0
       0
       0
       0
       0
       0
       0
       0
       0
       0
       0
       0
       0
       0
       0
       0
       0
       0
       0
       1
       0
       0
       0
       0
       0
       1
       0
       0
       0
       0
       0
       0
       0
       0
       0
       0
       0
       0
       0
       0
       0
       0
       0
       0
       0
       0
       0
       0
       0
       0
       0
       0
       0
       0
       0
       0
       1
       0
       0
       0
       0
       0
       0
       0
       0
       0
       0
       0
       0
       0
       0
       1
       0
       0
       0
       0
       0
       0
       0
       1
       0
       0
       0
       0
       0
       0
       0
       0
       0
       0
       0
       0
       0
       0
       0
       0
       0
       0
       0
       0
       0
       0
       0
       0
       0
       0
       0
       0
       0
       0
       0
       0
       0
       0
       0
       0
       0
       0
       0
       0
       0
       0
       0
       0
       0
       0
       1
       1
       0
       0
       0
       0
       0
       0
       0
       0
       0
       0
       0
       0
       0
       0
       0
       0
       0
       0
       0
       0
       0
       0
       0
       0
       0
       0
       0
       0
       1
       0
       0
       0
       0
       0
       0
       0
       0
       0
       0
       0
       0
       0
       0
       0
       0
       0
       0
       0
       0
       0
       0
       0
       0
       0
       0
       0
       0
       0
       0
       0
       0
       0
       0
       0
       0
       0
       0
       0
       0
       0
       0
       0
       0
       0
       0
       0
       0
       0
       0
       0
       0
       0
       0
       0
       0
       0
       0
       0
       0
       0
       1
       0
       0
       0
       0
       0
       0
       0
       0
       0
       0
       0
       0
       0
       0
       0
       0
       0
       0
       0
       0
       0
       0
       0
       0
       0
       0
       0
       0
       0
       0
       0
       0
       0
       0
       0
       0
       0
       0
       0
       0
       0
       0
       0
       0
       0
       0
       0
       0
       0
       0
       0
       0
       0
       0
       0
       0
       0
       0
       0
       0
       0
       0
       0
       0
       0
       0
       0
       0
       0
       0
       0
       0
       0
       0
       0
       0
       0
       0
       0
       0
       0
       0
       0
       0
       0
       0
       0
       0
       0
       0
       0
       0
       0
       0
       0
       0
       0
       1
       0
       0
       1
       0
       0
       0
       0
       0
       0
       0
       0
       0
       0
       0
       0
       0
       0
       0
       0
       0
       0
       0
       0
       0
       0
       0
       0
       0
       0
       1
       1
       0
       0
       0
       0
       0
       0
       0
       0
       0
       0
       0
       0
       0
       0
       0
       0
       0
       0
       0
       0
       0
       0
       0
       0
       0
       0
       0
       0
       0
       0
       0
       0
       0
       0
       0
       0
       0
       0
       0
       0
       0
       0
       0
       0
       0
       0
       0
       1
       0
       0
       0
       0
       0
       0
       0
       0
       0
       0
       0
       0
       0
       0
       0
       0
       0
       0
       0
       0
       0
       0
       0
       0
       0
       0
       0
       0
       0
       0
       0
       0
       0
       0
       0
       0
       0
       0
       0
       0
       0
       0
       0
       0
       0
       0
       0
       0
       0
       0
       0
       0
       0
       0
       0
       0
       0
       0
       0
       0
       0
       0
       0
       0
       0
       0
       0
       0
       0
       0
       0
       0
       0
       0
       0
       0
       0
       0
       0
       0
       0
       0
       0
       0
       0
       0
       0
       0
       0
       0
       0
       0
       0
       0
       0
       0
       0
       0
       0
       0
       0
       0
       0
       0
       0
       1
       0
       0
       0
       0
       0
       0
       0
       0
       0
       0
       0
       0
       0
       0
       0
       0
       0
       0
       0
       0
       0
       0
       0
       0
       0
       0
       0
       0
       0
       0
       0
       0
       0
       0
       0
       0
       0
       0
       0
       0
       0
       0
       0
       0
       0
       0
       0
       0
       0
       0
       0
       0
       0
       0
       0
       0
       0
       0
       0
       0
       0
       0
       0
       0
       0
       0
       0
       0
       0
       0
       0
       0
       0
       0
       1
       0
       0
       0
       0
       0
       0
       0
       0
       0
       0
       0
       0
       0
       0
       0
       0
       0
       0
       0
       0
       0
       0
       0
       0
       0
       0
       0
       0
       0
       0
       0
       0
       0
       0
       0
       0
       0
       0
       0
       0
       0
       0
       0
       0
       0
       0
       0
       0
       0
       0
       0
       0
       0
       0
       0
       0
       0
       0
       0
       0
       0
       0
       0
       0
       0
       0
       0
       0
       0
       0
       0
       0
       0
       0
       0
       0
       1
       0
       0
       0
       0
       0
       0
       0
       0
       0
       0
       0
       0
       0
       1
       0
       0
       0
       0
       0
       0
       0
       0
       0
       0
       0
       0
       0
       0
       0
       0
       0
       0
       0
       0
       0
       0
       0
       0
       0
       1
       0
       0
       0
       0
       0
       0
       0
       0
       0
       0
       0
       0
       0
       0
       0
       0
       0
       0
       0
       0
       0
       0
       0
       0
       0
       0
       0
       0
       0
       0
       0
       0
       0
       0
       0
       0
       0
       0
       0
       0
       0
       0
       0
       0
       0
       0
       0
       0
       0
       0
       0
       0
       0
       0
       0
       0
       0
       0
       0
       0
       0
       0
       0
       0
       0
       0
       0
       0
       0
       0
       0
       0
       0
       0
       0
       0
       0
       0
       0
       0
       0
       0
       0
       0
       0
       0
       0
       0
       0
       0
       0
       0
       0
       0
       0
       0
       0
       0
       0
       0
       0
       0
       0
       0
       0
       0
       0
       0
       0
       0
       0
       0
       0
       0
       0
       0
       0
       0
       0
       0
       0
       0
       0
       0
       0
       0
       0
       0
       0
       0
       0
       0
       0
       0
       0
       0
       0
       0
       0
       0
       0
       0
       0
       0
       0
       0
       0
       0
       0
       0
       0
       0
       0
       0
       0
       0
       0
       0
       0
       0
       0
       0
       0
       0
       0
       0
       0
       0
       0
       0
       0
       0
       0
       0
       0
       0
       0
       0
       0
       0
       0
       0
       0
       0
       0
       0
       0
       0
       0
       0
       1
       0
       0
       0
       0
       0
       0
       0
       0
       0
       0
       0
       0
       0
       0
       0
       0
       0
       0
       0
       0
       0
       0
       0
       0
       0
       0
       0
       0
       0
       0
       0
       0
       0
       0
       0
       0
       0
       0
       0
       0
       0
       0
       0
       0
       0
       0
       0
       0
       0
       0
       0
       0
       0
       0
       0
       0
       0
       0
       0
       0
       0
       0
       0
       0
       0
       0
       0
       0
       0
$ROI:
1
101 146
$PRESETS:
Real Time
180
0
$ENER_FIT:
0.000000 0.000000
$MCA_CAL:
3
0.000000E+000 0.000000E+000 0.000000E+000 
$SHAPE_CAL:
3
0.000000E+000 0.000000E+000 0.000000E+000
