$SPEC_ID:
No sample description was entered.
$SPEC_REM:
DET# 2
DETDESC# LAB4D2 Easy-MCA-2k SN 18162513
AP# Maestro Version 7.01
$DATE_MEA:
11/24/2022 17:03:57
$MEAS_TIM:
53 60
$DATA:
0 2047
       0
       0
       0
       0
       0
       0
       0
       0
       0
       0
       0
       0
       0
       0
       0
      10
     208
    1747
   10645
    9463
    8317
    7242
    6226
    5570
    4960
    4335
    4017
    3330
    3115
    2763
    2448
    2380
    2107
    1928
    1842
    1706
    1591
    1492
    1346
    1342
    1257
    1157
    1116
    1052
     957
     960
     843
     783
     749
     721
     666
     629
     584
     527
     462
     433
     435
     407
     401
     299
     339
     286
     277
     249
     261
     240
     213
     202
     234
     204
     195
     215
     184
     203
     220
     188
     190
     181
     186
     204
     186
     197
     192
     210
     164
     170
     171
     185
     192
     134
     160
     173
     172
     150
     190
     145
     168
     147
     166
     168
     141
     143
     150
     129
     112
     103
     132
     102
     106
     112
      90
     114
      72
      86
      87
      87
      77
      79
      76
      83
      86
      85
      91
      77
      79
      77
      89
      91
      80
      90
      83
      82
      86
      77
      82
      80
      68
      54
      55
      58
      59
      52
      41
      51
      41
      50
      45
      47
      43
      57
      42
      44
      48
      51
      46
      49
      49
      38
      45
      47
      44
      61
      46
      52
      49
      60
      55
      63
      33
      51
      54
      42
      60
      48
      54
      67
      44
      61
      56
      48
      71
      68
      54
      76
      65
      68
      67
      79
      74
      93
      99
     117
     120
     128
     143
     170
     201
     203
     228
     278
     282
     311
     337
     366
     348
     364
     410
     422
     412
     368
     417
     431
     479
     460
     431
     459
     460
     492
     482
     501
     499
     510
     449
     394
     469
     440
     496
     501
     465
     485
     476
     473
     404
     439
     403
     410
     385
     402
     383
     369
     346
     327
     337
     330
     307
     294
     280
     258
     263
     236
     230
     221
     219
     233
     264
     221
     202
     246
     215
     202
     206
     209
     185
     213
     181
     210
     200
     186
     178
     196
     198
     188
     192
     170
     196
     201
     171
     175
     209
     194
     190
     196
     205
     183
     197
     213
     223
     242
     234
     258
     245
     266
     295
     352
     352
     448
     501
     672
     731
     838
    1037
    1170
    1371
    1552
    1758
    1980
    2014
    2160
    2105
    2020
    2004
    1918
    1733
    1624
    1471
    1249
    1067
     957
     815
     614
     530
     490
     416
     352
     339
     302
     244
     224
     210
     200
     182
     169
     131
     122
     127
      98
      91
      88
      77
      56
      41
      48
      48
      35
      46
      21
      29
      20
      26
      21
      12
      17
       9
      15
      13
      12
      11
      11
       7
      11
       8
       9
      13
       6
      12
       7
       4
      10
       9
       6
       2
       5
       2
       7
       4
       4
       6
       7
       3
       4
       7
       6
       4
       3
       0
       2
       3
       0
       5
       3
       3
       3
       5
       0
       3
       3
       2
       4
       2
       1
       1
       3
       4
       2
       5
       2
       5
       2
       7
       5
       3
       2
       4
       1
       1
       4
       4
       4
       4
       3
       8
       4
       3
       5
       2
       2
       4
       0
       2
       6
       3
       2
       2
       7
       0
       5
       6
       6
       5
       1
       4
       4
       2
       3
       2
       6
       2
       3
       4
       4
       2
       5
       2
       6
       5
       4
       6
       5
       2
       4
       3
       4
       1
       5
       3
       4
       6
       3
       2
       1
       3
       4
       4
       1
       0
       7
       6
       3
       5
       7
       0
       3
       1
       0
       2
       2
       0
       2
       2
       3
       4
       2
       5
       3
       4
       4
       4
       5
       1
       2
       6
       4
       4
       3
       3
       2
       0
       4
       3
       1
       0
       2
       1
       1
       3
       1
       4
       2
       5
       2
       3
       2
       4
       6
       3
       4
       2
       9
       6
       1
       4
       2
       6
       1
       4
       5
       1
       4
       4
       3
       3
       2
       1
       1
       4
       3
       4
       0
       1
       2
       3
       3
       0
       1
       4
       1
       2
       1
       0
       4
       4
       1
       0
       2
       0
       1
       5
       2
       4
       2
       1
       1
       1
       5
       3
       1
       2
       0
       3
       1
       3
       1
       1
       0
       7
       1
       0
       0
       0
       1
       1
       0
       2
       2
       3
       1
       2
       2
       3
       1
       1
       0
       1
       2
       1
       0
       3
       1
       1
       3
       1
       0
       1
       2
       3
       2
       4
       3
       2
       1
       2
       2
       0
       1
       4
       6
       3
       0
       1
       1
       4
       2
       1
       3
       3
       0
       0
       0
       2
       2
       0
       1
       0
       0
       1
       2
       0
       0
       0
       0
       0
       0
       0
       0
       0
       0
       0
       0
       0
       0
       0
       0
       0
       0
       0
       1
       0
       0
       0
       0
       0
       0
       0
       0
       0
       0
       0
       0
       0
       0
       0
       0
       1
       0
       0
       0
       0
       0
       0
       1
       0
       0
       0
       0
       0
       0
       0
       0
       0
       0
       0
       0
       0
       1
       0
       0
       0
       1
       0
       0
       0
       0
       0
       0
       0
       0
       0
       1
       0
       0
       0
       0
       0
       1
       0
       0
       0
       0
       0
       1
       0
       0
       0
       0
       0
       0
       0
       0
       0
       0
       0
       0
       0
       0
       0
       0
       0
       0
       0
       0
       0
       0
       0
       0
       0
       0
       0
       0
       0
       0
       0
       0
       0
       0
       0
       0
       0
       0
       0
       0
       0
       0
       0
       0
       0
       0
       0
       0
       0
       0
       0
       0
       0
       0
       0
       0
       0
       0
       0
       0
       0
       0
       0
       0
       0
       0
       0
       1
       0
       0
       0
       0
       0
       0
       0
       0
       0
       0
       0
       0
       0
       0
       0
       0
       0
       1
       0
       0
       0
       0
       0
       0
       1
       0
       0
       0
       0
       0
       1
       0
       0
       0
       0
       0
       0
       0
       0
       0
       0
       0
       0
       0
       0
       0
       0
       0
       0
       0
       0
       0
       0
       0
       0
       0
       0
       0
       0
       0
       0
       0
       0
       0
       0
       0
       0
       0
       0
       0
       1
       0
       0
       0
       0
       0
       0
       0
       0
       0
       0
       0
       0
       0
       0
       0
       0
       0
       0
       0
       0
       0
       1
       0
       0
       0
       0
       0
       0
       0
       0
       0
       0
       0
       0
       0
       0
       0
       0
       0
       0
       0
       0
       0
       0
       0
       0
       0
       0
       0
       0
       0
       0
       0
       0
       0
       0
       0
       0
       0
       0
       0
       0
       0
       0
       0
       0
       0
       0
       0
       0
       0
       0
       0
       0
       0
       0
       0
       0
       0
       0
       0
       0
       0
       0
       0
       0
       0
       0
       0
       0
       0
       0
       0
       0
       0
       0
       0
       0
       0
       0
       0
       0
       0
       0
       0
       0
       0
       0
       0
       0
       0
       0
       0
       0
       0
       0
       0
       0
       0
       0
       0
       0
       0
       0
       0
       0
       0
       0
       0
       0
       0
       0
       0
       0
       0
       0
       0
       0
       0
       0
       0
       0
       0
       0
       0
       0
       0
       0
       0
       0
       0
       0
       0
       0
       0
       0
       0
       0
       0
       0
       0
       0
       0
       0
       0
       0
       0
       0
       0
       0
       0
       0
       1
       0
       1
       0
       0
       0
       1
       0
       0
       0
       0
       0
       0
       0
       0
       0
       0
       0
       0
       0
       0
       0
       0
       0
       0
       0
       0
       0
       0
       0
       0
       0
       0
       0
       0
       0
       0
       0
       1
       0
       0
       0
       0
       0
       0
       0
       0
       0
       0
       0
       0
       0
       0
       0
       0
       0
       0
       0
       0
       0
       0
       0
       0
       0
       0
       0
       0
       0
       0
       0
       0
       0
       0
       0
       0
       0
       0
       0
       0
       0
       0
       0
       0
       0
       0
       0
       0
       0
       0
       0
       0
       0
       0
       0
       0
       0
       0
       0
       0
       0
       0
       0
       0
       0
       0
       0
       0
       0
       0
       0
       0
       0
       0
       0
       0
       0
       0
       0
       0
       0
       0
       0
       0
       0
       0
       0
       0
       0
       0
       0
       0
       0
       0
       0
       0
       0
       0
       0
       0
       0
       0
       0
       0
       0
       0
       0
       0
       0
       0
       0
       0
       0
       0
       0
       0
       0
       0
       0
       0
       0
       0
       0
       0
       0
       0
       0
       0
       0
       0
       0
       0
       0
       0
       0
       0
       0
       0
       0
       0
       0
       0
       0
       0
       0
       0
       0
       0
       0
       0
       0
       0
       0
       0
       0
       0
       0
       0
       0
       0
       0
       0
       0
       0
       0
       0
       0
       0
       0
       0
       0
       0
       0
       0
       0
       0
       0
       0
       0
       0
       0
       0
       0
       0
       0
       0
       0
       0
       0
       0
       0
       0
       0
       0
       0
       0
       0
       0
       0
       0
       0
       0
       0
       0
       0
       0
       0
       0
       0
       0
       1
       0
       0
       0
       0
       0
       0
       0
       0
       0
       0
       0
       0
       0
       0
       0
       0
       0
       0
       0
       0
       0
       0
       0
       0
       0
       0
       0
       0
       0
       0
       0
       0
       0
       0
       0
       0
       0
       0
       0
       0
       0
       0
       0
       0
       0
       0
       0
       0
       0
       0
       0
       0
       0
       0
       0
       0
       0
       0
       0
       0
       0
       0
       0
       0
       0
       0
       0
       0
       0
       0
       0
       0
       0
       0
       0
       0
       0
       0
       0
       0
       0
       0
       0
       0
       0
       0
       0
       0
       0
       0
       0
       0
       0
       0
       0
       0
       0
       0
       0
       0
       0
       0
       0
       0
       0
       0
       0
       0
       0
       0
       0
       0
       0
       0
       0
       0
       0
       0
       0
       0
       0
       0
       0
       0
       0
       0
       0
       0
       0
       0
       0
       0
       0
       0
       0
       0
       0
       0
       0
       0
       0
       0
       0
       0
       0
       0
       0
       0
       0
       0
       0
       0
       0
       0
       0
       0
       0
       0
       0
       0
       0
       0
       0
       0
       0
       0
       0
       0
       0
       0
       0
       0
       0
       0
       0
       0
       0
       0
       0
       0
       0
       0
       0
       0
       0
       0
       0
       0
       0
       0
       0
       0
       0
       0
       0
       0
       0
       0
       0
       0
       0
       0
       0
       0
       0
       0
       0
       0
       0
       0
       0
       0
       0
       0
       0
       0
       0
       0
       0
       0
       0
       0
       0
       0
       0
       0
       1
       0
       0
       0
       0
       0
       0
       0
       0
       0
       0
       0
       0
       0
       0
       0
       0
       0
       0
       0
       0
       0
       0
       0
       0
       0
       0
       0
       0
       0
       0
       0
       0
       0
       0
       0
       0
       0
       0
       0
       0
       0
       0
       0
       0
       0
       0
       0
       0
       0
       0
       0
       0
       0
       0
       0
       0
       0
       0
       0
       0
       0
       0
       0
       0
       0
       0
       0
       0
       0
       0
       0
       0
       0
       0
       0
       0
       0
       0
       0
       0
       0
       0
       0
       0
       0
       0
       0
       0
       0
       0
       0
       0
       0
       0
       0
       0
       0
       0
       0
       0
       0
       0
       0
       0
       0
       0
       0
       0
       0
       0
       0
       0
       0
       0
       0
       0
       0
       0
       0
       0
       0
       0
       0
       0
       0
       0
       0
       0
       0
       0
       0
       0
       0
       0
       0
       0
       0
       0
       0
       0
       0
       0
       0
       0
       0
       0
       0
       0
       0
       0
       0
       0
       0
       0
       0
       0
       0
       0
       0
       0
       0
       0
       0
       0
       0
       0
       0
       0
       0
       0
       0
       0
       0
       0
       0
       0
       0
       0
       0
       0
       0
       0
       0
       0
       0
       0
       0
       0
       0
       0
       0
       0
       0
       0
       0
       0
       0
       0
       0
       0
       0
       0
       0
       0
       0
       0
       0
       0
       0
       0
       0
       0
       0
       0
       0
       0
       0
       0
       0
       0
       0
       0
       0
       0
       0
       0
       0
       0
       0
       0
       0
       0
       0
       0
       0
       0
       0
       0
       0
       0
       0
       0
       0
       0
       0
       0
       0
       0
       0
       0
       0
       0
       0
       0
       0
       0
       0
       0
       0
       0
       0
       0
       0
       0
       0
       0
       0
       0
       0
       0
       0
       0
       0
       0
       0
       0
       0
       0
       0
       0
       0
       0
       0
       0
       0
       0
       0
       0
       0
       0
       0
       0
       0
       0
       0
       0
       0
       0
       0
       0
       0
       0
       0
       0
       0
       0
       0
       0
       0
       0
       0
       0
       0
       0
       0
       0
       0
       0
       0
       0
       0
       0
       0
       0
       0
       0
       0
       0
       0
       0
       0
       0
       0
       0
       0
       0
       0
       0
       0
       0
       0
       0
       0
       0
       0
       0
       0
       0
       0
       0
       0
       0
       0
       0
       0
       0
       0
       0
       0
       0
       0
       0
       0
       0
       0
       0
       0
       0
       0
       0
       0
       0
       0
       0
       0
       0
       0
       0
       0
       0
       0
       0
       0
       0
       0
       0
       0
       0
       0
       0
       0
       0
       0
       0
       0
       0
       0
       0
       0
       0
       0
       0
       0
       0
       0
       0
       0
       0
       0
       0
       0
       0
       0
       0
       0
       0
       0
       0
       0
       0
       0
       0
       0
       0
       0
       0
       0
       0
       0
       0
       1
       0
       0
       0
       0
       0
       0
       0
       0
       0
       0
       0
       0
       0
       0
       0
       0
       0
       0
       0
       0
       0
       0
       0
       0
       0
       0
       0
       0
       0
       0
       0
       0
       0
       0
       0
       0
       0
       0
       0
       0
       0
       0
       0
       0
       0
       0
       0
       0
       0
       0
       0
       0
       0
       0
       0
       0
       0
       0
       0
       0
       0
       0
       0
       0
       0
       0
       0
       0
       0
       0
       0
       0
       0
       0
       0
       0
       0
       0
       0
       0
       0
       0
       0
       0
       0
       0
       0
       0
       0
       0
       0
       0
       0
       0
       0
       0
       0
       0
       0
$ROI:
0
$PRESETS:
Real Time
60
0
$ENER_FIT:
0.000000 0.000000
$MCA_CAL:
3
0.000000E+000 0.000000E+000 0.000000E+000 
$SHAPE_CAL:
3
0.000000E+000 0.000000E+000 0.000000E+000
