$SPEC_ID:
No sample description was entered.
$SPEC_REM:
DET# 2
DETDESC# LAB4D2 Easy-MCA-2k SN 18162513
AP# Maestro Version 7.01
$DATE_MEA:
11/24/2022 17:11:26
$MEAS_TIM:
53 60
$DATA:
0 2047
       0
       0
       0
       0
       0
       0
       0
       0
       0
       0
       0
       0
       0
       0
       1
       8
     224
    1630
   10734
    9464
    8098
    7178
    6126
    5362
    4740
    4276
    3771
    3407
    3055
    2750
    2585
    2297
    2235
    2054
    1906
    1863
    1826
    1704
    1663
    1496
    1481
    1352
    1349
    1329
    1224
    1179
    1124
    1074
    1007
     933
     838
     817
     790
     719
     621
     586
     534
     504
     476
     430
     398
     332
     320
     266
     290
     240
     229
     211
     214
     187
     208
     185
     180
     200
     168
     182
     199
     188
     223
     227
     226
     216
     216
     180
     195
     184
     185
     152
     144
     144
     154
     123
     137
     111
     136
     120
     128
     117
     113
     106
     128
     138
     138
     119
     145
     154
     116
     127
     133
     135
     140
     128
     134
     151
     138
     139
     125
     138
     122
     143
     145
     145
     128
     130
     129
     152
     140
     111
     129
     133
     120
     122
     117
      96
      93
      98
      66
      89
      65
      67
      56
      57
      55
      53
      58
      33
      51
      51
      46
      42
      53
      43
      44
      42
      49
      33
      35
      20
      37
      30
      29
      44
      27
      37
      39
      36
      32
      38
      36
      36
      36
      29
      38
      27
      31
      35
      27
      20
      26
      31
      22
      24
      28
      15
      23
      34
      29
      23
      27
      32
      21
      30
      40
      17
      28
      28
      18
      17
      28
      23
      17
      22
      24
      34
      24
      26
      28
      25
      33
      33
      33
      21
      25
      25
      34
      39
      38
      36
      28
      28
      27
      31
      27
      34
      32
      32
      42
      29
      20
      26
      41
      35
      30
      35
      26
      35
      32
      30
      31
      29
      37
      36
      41
      43
      33
      39
      48
      45
      60
      50
      49
      54
      51
      49
      58
      48
      64
      53
      75
      63
      55
      55
      67
      66
      70
      57
      89
      82
      63
      62
      82
      73
      68
      88
      69
      80
      92
      93
      91
      95
      96
     106
     129
     133
     138
     165
     148
     199
     237
     276
     336
     400
     454
     544
     642
     777
     906
    1152
    1379
    1537
    1776
    2101
    2454
    2714
    2999
    3224
    3391
    3472
    3540
    3476
    3274
    3026
    2971
    2736
    2291
    2048
    1715
    1536
    1267
    1033
     885
     740
     576
     530
     492
     472
     393
     362
     324
     313
     282
     286
     254
     216
     215
     182
     145
     109
     132
     100
     104
      75
      73
      49
      58
      59
      53
      38
      30
      25
      27
      20
      19
      19
      12
      18
      13
      11
      18
      11
      11
      15
      11
      10
      12
      16
       5
       8
       7
      12
       9
       9
       6
       9
       6
       2
       4
       4
       3
       9
       3
       6
       4
       3
       6
       2
       6
       3
       2
       1
       3
       1
       3
       6
       1
       5
       1
       4
       3
       0
       7
       1
       7
       6
       4
       1
       2
       6
       6
       5
       1
       4
       7
       3
       7
       5
       6
       5
       3
       3
       4
       7
       2
       2
       2
       1
       2
       3
       2
       2
       1
       7
       1
       4
       4
       2
       5
       1
       3
       2
       4
       7
       3
       2
       1
       2
       4
       5
       3
       7
       6
       5
       3
       5
       2
       1
       0
       5
       2
       2
       1
       4
       3
       1
       4
       3
       2
       6
       4
       1
       5
       1
       2
       2
       2
       4
       2
       3
       3
       2
       3
       2
       3
       1
       4
       4
       3
       3
       1
       1
       3
       2
       0
       0
       0
       2
       2
       7
       3
       2
       3
       4
       2
       1
       1
       1
       7
       3
       3
       2
       1
       5
       2
       2
       2
       3
       6
       1
       2
       3
       4
       5
       3
      10
       2
       2
       2
       4
       4
       2
       3
       2
       1
       4
       6
       5
       4
       1
       2
       3
       4
       4
       2
       3
       2
       1
       4
       7
       5
       3
       4
       1
       2
       2
       5
       5
       2
       3
       3
       1
       2
       0
       1
       3
       2
       5
       0
       0
       2
       4
       1
       3
       1
       2
       5
       5
       5
       2
       2
       5
       3
       1
       4
       1
       1
       4
       4
       4
       3
       3
       3
       6
       1
       1
       1
       3
       5
       5
       4
       0
       5
       3
       1
       4
       4
       0
       3
       3
       7
       3
       7
       7
       4
       4
       6
       7
       6
       3
       3
       7
       6
       8
       7
       4
       6
       4
       7
       9
       6
       4
       2
       0
       1
       7
       2
       3
       4
       0
       1
       0
       0
       0
       1
       1
       1
       1
       0
       0
       1
       0
       0
       0
       0
       0
       0
       0
       0
       1
       1
       0
       0
       0
       0
       0
       0
       0
       1
       0
       0
       0
       1
       0
       0
       0
       0
       0
       0
       0
       1
       1
       0
       0
       0
       0
       1
       0
       0
       0
       0
       0
       0
       0
       0
       0
       0
       0
       0
       0
       0
       0
       0
       0
       0
       0
       0
       0
       0
       0
       0
       0
       0
       0
       0
       0
       0
       0
       0
       0
       0
       0
       0
       0
       0
       0
       0
       0
       0
       0
       0
       1
       0
       0
       0
       0
       0
       0
       0
       0
       0
       0
       0
       0
       0
       0
       0
       0
       0
       0
       0
       0
       0
       0
       0
       0
       0
       0
       0
       0
       0
       0
       0
       0
       0
       0
       0
       0
       0
       0
       0
       0
       0
       0
       0
       0
       0
       0
       0
       0
       1
       0
       0
       0
       0
       0
       0
       0
       0
       0
       0
       0
       1
       0
       0
       0
       0
       0
       0
       0
       0
       0
       0
       0
       0
       0
       0
       0
       0
       0
       0
       0
       0
       0
       0
       1
       0
       0
       0
       0
       0
       0
       0
       0
       0
       0
       0
       0
       0
       0
       0
       0
       0
       0
       0
       0
       0
       0
       0
       0
       0
       0
       0
       0
       0
       0
       0
       0
       0
       0
       0
       0
       0
       0
       0
       0
       0
       0
       0
       1
       0
       0
       0
       0
       0
       0
       0
       0
       0
       0
       0
       0
       0
       0
       0
       0
       0
       0
       1
       0
       0
       0
       0
       0
       0
       0
       0
       0
       0
       0
       1
       0
       0
       0
       0
       0
       0
       0
       0
       0
       0
       0
       1
       0
       0
       0
       0
       0
       0
       0
       0
       0
       0
       0
       0
       0
       0
       0
       0
       0
       0
       0
       0
       0
       0
       0
       0
       0
       0
       0
       0
       0
       0
       0
       0
       0
       0
       0
       0
       0
       0
       0
       0
       0
       0
       0
       0
       0
       0
       0
       0
       0
       0
       0
       0
       0
       0
       0
       0
       0
       0
       0
       0
       0
       0
       0
       0
       0
       0
       0
       0
       0
       0
       0
       0
       0
       0
       0
       0
       0
       0
       0
       0
       0
       0
       0
       0
       0
       0
       0
       0
       0
       0
       0
       0
       0
       0
       0
       0
       0
       0
       0
       0
       0
       0
       0
       0
       0
       0
       0
       0
       0
       0
       1
       0
       0
       0
       0
       0
       0
       0
       0
       0
       0
       0
       0
       0
       0
       0
       0
       0
       0
       0
       0
       0
       0
       0
       0
       0
       0
       0
       0
       0
       0
       0
       0
       0
       0
       0
       0
       0
       0
       0
       0
       1
       0
       0
       0
       0
       0
       0
       0
       0
       0
       0
       0
       0
       0
       0
       0
       0
       1
       0
       0
       0
       0
       0
       0
       1
       1
       0
       0
       0
       0
       0
       0
       0
       0
       1
       0
       0
       0
       0
       0
       0
       0
       0
       0
       0
       0
       0
       0
       0
       0
       0
       0
       0
       0
       0
       0
       0
       0
       0
       0
       0
       0
       0
       0
       0
       0
       0
       0
       0
       0
       0
       0
       0
       0
       0
       0
       0
       0
       0
       0
       0
       0
       0
       0
       0
       0
       0
       0
       0
       0
       0
       0
       0
       0
       0
       0
       0
       0
       0
       0
       0
       0
       0
       0
       0
       0
       0
       0
       0
       0
       0
       0
       0
       0
       0
       0
       0
       0
       0
       0
       0
       0
       0
       0
       0
       0
       0
       0
       0
       0
       0
       0
       0
       0
       0
       0
       0
       0
       0
       0
       0
       0
       0
       0
       0
       0
       0
       0
       0
       0
       0
       0
       0
       0
       1
       0
       0
       0
       0
       0
       0
       0
       0
       0
       0
       0
       0
       0
       0
       0
       0
       0
       0
       0
       0
       0
       0
       0
       0
       0
       0
       0
       0
       0
       0
       0
       0
       0
       0
       0
       0
       0
       0
       0
       0
       0
       0
       0
       0
       0
       0
       0
       0
       0
       0
       0
       0
       0
       0
       0
       0
       0
       0
       0
       0
       1
       0
       0
       0
       0
       0
       0
       0
       0
       0
       0
       0
       0
       0
       0
       0
       0
       0
       0
       0
       0
       0
       0
       0
       0
       0
       0
       0
       0
       0
       0
       0
       0
       0
       0
       0
       0
       0
       0
       0
       0
       0
       0
       0
       0
       0
       0
       0
       0
       0
       0
       0
       0
       0
       0
       0
       0
       0
       0
       0
       0
       0
       0
       0
       0
       0
       0
       0
       0
       0
       0
       0
       0
       0
       0
       0
       0
       0
       0
       0
       0
       0
       0
       0
       0
       0
       0
       0
       0
       0
       0
       0
       0
       0
       0
       0
       0
       0
       0
       1
       0
       0
       0
       0
       0
       0
       0
       0
       0
       0
       0
       0
       0
       0
       0
       0
       0
       0
       0
       0
       0
       0
       0
       0
       0
       0
       0
       0
       0
       0
       0
       0
       0
       0
       0
       0
       0
       0
       0
       0
       0
       0
       0
       0
       0
       0
       0
       0
       0
       0
       0
       0
       0
       0
       0
       0
       0
       0
       0
       0
       0
       0
       0
       0
       0
       0
       0
       0
       0
       0
       0
       0
       0
       0
       0
       0
       0
       0
       0
       0
       0
       0
       0
       0
       0
       0
       0
       0
       0
       0
       0
       0
       0
       0
       0
       0
       1
       0
       0
       0
       0
       0
       0
       0
       0
       0
       0
       0
       0
       0
       0
       0
       0
       0
       0
       0
       0
       0
       0
       0
       0
       0
       0
       0
       0
       0
       0
       0
       0
       0
       0
       0
       0
       0
       0
       0
       0
       0
       0
       0
       0
       0
       0
       0
       0
       0
       0
       0
       0
       0
       0
       0
       0
       0
       0
       0
       0
       0
       0
       0
       0
       0
       0
       0
       0
       0
       0
       0
       0
       0
       0
       0
       0
       0
       0
       0
       0
       0
       0
       0
       0
       0
       0
       0
       0
       0
       0
       0
       0
       0
       0
       0
       0
       0
       0
       0
       0
       0
       0
       0
       0
       0
       0
       0
       0
       0
       0
       0
       0
       0
       0
       0
       0
       0
       0
       0
       0
       0
       0
       1
       0
       0
       0
       0
       0
       0
       0
       0
       0
       0
       0
       0
       0
       0
       0
       0
       0
       0
       0
       0
       0
       0
       0
       0
       0
       0
       0
       0
       0
       0
       0
       0
       0
       0
       0
       0
       0
       0
       0
       0
       0
       0
       0
       0
       0
       0
       0
       0
       0
       0
       0
       0
       0
       0
       0
       0
       0
       0
       0
       0
       0
       0
       0
       0
       0
       0
       0
       0
       0
       0
       0
       0
       0
       0
       0
       0
       0
       0
       0
       0
       0
       0
       0
       0
       0
       0
       0
       0
       0
       0
       0
       0
       0
       0
       0
       0
       0
       0
       0
       0
       0
       0
       0
       0
       1
       0
       0
       0
       0
       0
       0
       0
       0
       0
       0
       0
       0
       0
       0
       0
       0
       0
       0
       0
       0
       0
       0
       0
       0
       0
       0
       0
       0
       0
       0
       0
       0
       0
       0
       0
       0
       0
       0
       0
       0
       0
       0
       0
       0
       0
       0
       0
       0
       0
       0
       0
       0
       0
       0
       0
       0
       0
       0
       0
       0
       0
       0
       0
       0
       0
       0
       0
       0
       0
       0
       0
       0
       0
       0
       0
       0
       0
       0
       0
       0
       0
       0
       0
       0
       0
       0
       0
       0
       0
       0
       0
       0
       0
       0
       0
       0
       0
       0
       0
       0
       0
       0
       0
       0
       0
       0
       0
       0
       0
       0
       0
       0
       0
       0
       0
       0
       0
       0
       0
       0
       0
       0
       0
       0
       0
       0
       0
       0
       0
       0
       0
       0
       0
       0
       0
       0
       0
       0
       0
       0
       0
       0
       0
       0
       0
       0
       0
       0
       0
       0
       0
       0
       0
       0
       0
       0
       0
       0
       0
       0
       0
       0
       0
       0
       0
       0
       0
       0
       0
       0
       0
       0
       0
       0
       0
       0
       0
       0
       0
       0
       0
       0
       0
       0
       0
       0
       0
       0
       0
       0
       0
       0
       0
       0
       0
       0
       0
       0
       0
       0
       0
       0
       0
       0
       0
       0
       0
       0
       0
       0
       0
       0
       0
       0
       0
       0
       0
       0
       0
       0
       0
       0
       0
       0
       0
       0
       0
       0
       0
       0
       0
       0
       0
       0
       0
       0
       0
       0
       0
       1
       0
       0
       0
       0
       0
       0
       0
       0
       0
       0
       0
       0
       0
       0
       0
       0
       0
       0
       0
       0
       0
       0
       0
       0
       0
       0
       0
       0
       0
       0
       0
       0
       0
       0
       0
       0
       0
       0
       0
       0
       0
       0
       0
       0
       0
       0
       0
       0
       0
       0
       0
       0
       0
       0
       0
       0
       0
       0
       0
       0
       0
       0
       0
       0
       0
       0
       0
       0
       0
       0
       0
       0
       0
       0
       0
       0
       0
       0
       0
       0
       0
       0
       0
       0
       0
       0
       0
       0
       0
       0
       0
       0
       0
       0
       0
       0
       0
       0
       0
       0
       0
       0
       0
       0
       0
       0
       0
       0
       0
       0
       0
       0
       0
       0
       0
       0
$ROI:
1
285 326
$PRESETS:
Real Time
60
0
$ENER_FIT:
0.000000 0.000000
$MCA_CAL:
3
0.000000E+000 0.000000E+000 0.000000E+000 
$SHAPE_CAL:
3
0.000000E+000 0.000000E+000 0.000000E+000
