$SPEC_ID:
No sample description was entered.
$SPEC_REM:
DET# 2
DETDESC# LAB4D2 Easy-MCA-2k SN 18162513
AP# Maestro Version 7.01
$DATE_MEA:
11/24/2022 17:08:39
$MEAS_TIM:
53 60
$DATA:
0 2047
       0
       0
       0
       0
       0
       0
       0
       0
       0
       0
       0
       0
       0
       0
       0
      10
     220
    1629
   10826
    9632
    8275
    7165
    6285
    5330
    4790
    4292
    3784
    3439
    3159
    2822
    2565
    2302
    2219
    2068
    1992
    1854
    1789
    1682
    1569
    1537
    1432
    1370
    1315
    1231
    1159
    1141
    1045
    1046
     951
     877
     789
     788
     700
     687
     601
     581
     511
     459
     410
     418
     373
     313
     302
     285
     257
     228
     222
     268
     211
     210
     212
     176
     180
     166
     180
     196
     206
     205
     195
     217
     214
     182
     175
     204
     166
     163
     164
     161
     151
     160
     149
     138
     110
     135
     134
     138
     136
     133
     131
     172
     121
     143
     146
     130
     130
     165
     170
     174
     162
     157
     170
     146
     154
     146
     127
     137
     109
     103
     117
     114
     108
     106
     104
     131
     115
     130
     116
     123
     119
     105
     119
     100
      86
      85
      98
      65
      68
      58
      49
      65
      61
      56
      49
      47
      52
      43
      50
      55
      43
      44
      37
      40
      33
      37
      47
      40
      41
      40
      39
      44
      37
      44
      50
      47
      38
      29
      33
      35
      41
      39
      32
      34
      37
      37
      32
      33
      35
      35
      31
      32
      40
      37
      33
      39
      24
      27
      23
      29
      32
      27
      33
      35
      28
      30
      29
      29
      38
      35
      26
      31
      20
      31
      24
      26
      36
      26
      30
      32
      25
      20
      38
      24
      39
      41
      25
      28
      33
      33
      32
      40
      40
      35
      45
      33
      25
      34
      41
      41
      39
      31
      31
      40
      37
      38
      31
      39
      37
      32
      37
      48
      54
      44
      49
      43
      53
      63
      59
      57
      54
      76
      69
      61
      70
      69
      70
      80
      75
      90
      75
      98
     110
     105
     125
     122
     169
     168
     184
     184
     217
     243
     256
     317
     323
     339
     381
     398
     418
     446
     467
     503
     500
     497
     531
     480
     518
     578
     567
     569
     592
     606
     625
     679
     753
     708
     749
     866
     903
    1068
    1272
    1337
    1574
    1841
    1964
    2175
    2390
    2648
    2777
    2959
    2871
    2902
    2813
    2661
    2406
    2225
    1964
    1671
    1413
    1263
    1112
     839
     747
     689
     617
     473
     422
     411
     352
     310
     306
     259
     281
     217
     196
     192
     169
     165
     135
      96
      81
      86
      70
      66
      61
      52
      49
      45
      30
      38
      34
      26
      27
      21
      15
      21
      15
      10
      12
      11
       7
      11
      14
      17
       8
      12
       6
       8
      14
      13
       3
      10
       8
       4
       7
       9
       9
       3
       4
       0
       4
       4
       4
       3
       3
       1
       6
       0
       1
       4
       3
       5
       1
       6
       4
       5
       5
       4
       1
       2
       3
       1
       1
       4
       3
       2
       2
       3
       5
       0
       1
       6
       7
       4
       1
       4
       3
       1
       4
       0
       3
       5
       5
       9
       5
       3
       4
       3
       2
       1
       3
       6
       0
       3
       3
       5
       3
       2
       4
       2
       1
       4
       3
       1
       3
       3
       5
       2
       2
       2
       2
       1
       4
       2
       2
       1
       2
       0
       4
       5
       4
       0
       3
       2
       3
       1
       2
       2
       2
       4
       4
       2
       1
       0
       2
       1
       0
       4
       6
       2
       2
       2
       5
       2
       1
       5
       5
       2
       4
       1
       4
       2
       3
       3
       8
       3
       5
       3
       5
       2
       1
       5
       1
       3
       6
       4
       2
       4
       4
       1
       3
       3
       4
       4
       6
       7
       3
       4
       4
       4
       1
       4
       4
       1
       2
       6
       2
       2
       2
       2
       5
       1
       2
       5
       6
       1
       1
       0
       2
       2
       1
       5
       5
       1
       2
       5
       3
       6
       4
       4
       2
       1
       2
       2
       4
       5
       5
       4
       1
       3
       3
       3
       1
       4
       3
       3
       2
       4
       5
       4
       2
       6
       6
       3
       2
       4
       6
       2
       2
       3
       3
       2
       3
       4
       4
       5
       3
       1
       2
       4
       4
       5
       3
       2
       3
       5
       1
       2
       4
       8
       2
       6
       5
       6
       1
       4
       3
       2
       5
      11
       2
       2
       4
       4
       1
       7
       7
       8
       4
       4
       2
       7
       3
       4
       4
       4
       1
       4
       2
       3
       0
       1
       2
       2
       2
       4
       8
       1
       0
       1
       2
       2
       0
       0
       1
       0
       2
       2
       1
       0
       0
       0
       2
       0
       0
       0
       0
       0
       0
       0
       0
       0
       0
       0
       2
       0
       1
       0
       0
       0
       0
       0
       0
       0
       0
       0
       0
       0
       0
       0
       0
       0
       0
       0
       0
       0
       0
       0
       0
       0
       0
       0
       0
       0
       0
       0
       0
       0
       0
       0
       0
       0
       0
       0
       0
       0
       0
       0
       0
       0
       0
       0
       0
       0
       0
       0
       0
       0
       0
       0
       0
       0
       0
       0
       0
       0
       0
       0
       0
       0
       0
       0
       0
       0
       0
       0
       0
       1
       0
       0
       0
       0
       0
       0
       0
       0
       0
       0
       0
       1
       0
       0
       0
       0
       0
       0
       0
       0
       0
       0
       0
       0
       0
       0
       0
       0
       1
       0
       0
       0
       0
       0
       0
       0
       0
       0
       0
       0
       0
       0
       0
       0
       0
       0
       0
       0
       0
       0
       0
       0
       0
       0
       0
       0
       0
       0
       0
       0
       0
       0
       0
       0
       0
       0
       0
       0
       0
       0
       0
       0
       0
       0
       0
       0
       0
       0
       0
       0
       0
       0
       0
       0
       0
       1
       0
       0
       0
       0
       0
       0
       0
       0
       0
       0
       0
       0
       0
       0
       0
       0
       0
       0
       0
       0
       0
       0
       0
       0
       0
       0
       0
       0
       0
       0
       0
       0
       0
       0
       0
       0
       0
       0
       0
       0
       0
       0
       0
       0
       0
       0
       0
       0
       0
       0
       0
       0
       0
       0
       0
       0
       0
       0
       0
       0
       0
       0
       1
       0
       0
       0
       0
       0
       0
       0
       0
       0
       0
       0
       0
       0
       0
       0
       0
       0
       0
       0
       0
       0
       0
       0
       0
       0
       0
       0
       0
       0
       0
       1
       0
       0
       1
       0
       0
       0
       0
       0
       0
       0
       0
       0
       0
       0
       0
       0
       0
       0
       0
       0
       0
       1
       0
       0
       0
       0
       0
       0
       0
       0
       0
       0
       0
       0
       0
       0
       0
       0
       0
       0
       0
       0
       0
       0
       0
       0
       0
       0
       0
       0
       0
       0
       0
       0
       0
       0
       0
       0
       0
       0
       0
       0
       0
       0
       0
       0
       0
       0
       0
       0
       0
       0
       0
       0
       0
       0
       0
       0
       0
       0
       0
       0
       0
       0
       1
       0
       0
       0
       0
       0
       0
       0
       0
       0
       0
       0
       0
       0
       0
       0
       0
       0
       0
       0
       0
       0
       0
       0
       0
       0
       0
       0
       0
       0
       0
       0
       0
       0
       0
       0
       0
       0
       0
       0
       0
       0
       0
       0
       0
       0
       0
       0
       0
       0
       0
       0
       0
       0
       0
       0
       0
       0
       0
       0
       0
       0
       0
       0
       0
       0
       0
       0
       0
       0
       0
       0
       0
       0
       0
       0
       1
       0
       0
       0
       0
       0
       0
       0
       0
       0
       0
       0
       0
       0
       0
       0
       0
       0
       0
       0
       0
       0
       0
       0
       0
       0
       0
       0
       0
       0
       0
       0
       0
       0
       0
       0
       0
       0
       0
       0
       0
       0
       0
       0
       0
       0
       0
       0
       0
       0
       0
       0
       0
       0
       0
       0
       0
       0
       0
       0
       0
       0
       0
       0
       0
       0
       0
       0
       0
       0
       0
       0
       0
       0
       0
       0
       0
       0
       1
       0
       0
       0
       0
       0
       0
       0
       0
       0
       0
       0
       0
       0
       0
       0
       0
       0
       0
       0
       0
       0
       0
       0
       0
       0
       0
       0
       0
       0
       0
       0
       0
       0
       0
       0
       0
       0
       0
       0
       0
       0
       0
       1
       0
       0
       0
       0
       0
       0
       0
       0
       0
       0
       0
       0
       0
       0
       0
       0
       0
       0
       0
       0
       0
       0
       0
       0
       0
       0
       0
       0
       0
       0
       0
       0
       0
       0
       1
       0
       0
       0
       0
       0
       0
       0
       0
       0
       0
       0
       0
       0
       0
       0
       0
       0
       0
       0
       0
       0
       0
       0
       0
       0
       0
       0
       0
       0
       0
       0
       0
       0
       0
       0
       0
       0
       0
       0
       0
       0
       0
       0
       0
       0
       0
       0
       0
       0
       0
       0
       0
       0
       0
       0
       0
       0
       0
       0
       0
       0
       0
       0
       0
       0
       0
       0
       0
       0
       0
       0
       0
       0
       0
       0
       0
       0
       0
       0
       0
       0
       0
       0
       0
       1
       0
       0
       0
       0
       0
       0
       0
       0
       0
       0
       0
       0
       0
       0
       0
       0
       0
       0
       0
       0
       0
       0
       0
       0
       0
       0
       0
       0
       0
       0
       0
       0
       0
       0
       0
       0
       0
       0
       0
       0
       0
       0
       0
       0
       0
       0
       0
       0
       0
       0
       0
       0
       0
       0
       0
       0
       0
       0
       0
       0
       0
       0
       0
       0
       0
       0
       0
       0
       0
       0
       0
       0
       0
       0
       0
       0
       0
       0
       0
       0
       0
       0
       0
       0
       0
       0
       0
       0
       0
       0
       0
       0
       0
       0
       0
       0
       0
       0
       0
       0
       0
       0
       0
       0
       0
       1
       0
       0
       0
       0
       1
       0
       0
       0
       0
       0
       0
       0
       0
       0
       0
       0
       0
       0
       0
       0
       0
       0
       0
       0
       0
       0
       0
       0
       0
       0
       0
       0
       0
       1
       0
       0
       0
       0
       0
       0
       0
       0
       0
       0
       0
       0
       0
       0
       0
       0
       0
       0
       0
       0
       0
       0
       0
       0
       0
       0
       0
       0
       0
       0
       0
       0
       0
       0
       0
       0
       0
       0
       0
       0
       0
       0
       0
       0
       0
       0
       0
       0
       0
       0
       0
       0
       0
       0
       0
       0
       0
       0
       0
       0
       0
       0
       0
       0
       0
       0
       0
       0
       0
       0
       0
       0
       0
       0
       0
       0
       0
       0
       0
       0
       0
       0
       0
       0
       0
       0
       0
       0
       0
       0
       0
       0
       0
       0
       0
       0
       0
       0
       0
       1
       0
       0
       0
       0
       0
       0
       0
       0
       0
       0
       0
       0
       0
       0
       0
       0
       0
       0
       0
       0
       0
       0
       0
       0
       1
       0
       0
       0
       0
       0
       0
       0
       0
       0
       0
       0
       0
       0
       0
       0
       0
       0
       0
       0
       0
       0
       0
       0
       0
       0
       0
       0
       0
       0
       0
       0
       0
       0
       0
       0
       0
       0
       0
       0
       0
       0
       0
       0
       0
       0
       0
       0
       0
       0
       0
       0
       0
       0
       0
       0
       0
       0
       0
       0
       0
       0
       0
       0
       0
       0
       0
       0
       0
       0
       0
       0
       0
       0
       0
       0
       0
       0
       0
       0
       0
       0
       0
       0
       0
       0
       0
       0
       0
       0
       0
       0
       0
       0
       0
       0
       0
       0
       0
       0
       0
       0
       0
       0
       0
       0
       0
       0
       0
       0
       0
       0
       0
       0
       0
       0
       0
       0
       0
       0
       0
       0
       0
       0
       0
       0
       0
       0
       0
       0
       0
       0
       0
       0
       0
       0
       0
       0
       0
       0
       0
       0
       0
       0
       0
       0
       0
       0
       0
       0
       0
       0
       0
       0
       0
       0
       0
       0
       0
       0
       0
       0
       0
       0
       0
       0
       0
       0
       0
       0
       0
       0
       0
       0
       0
       0
       0
       0
       0
       0
       0
       0
       0
       0
       0
       0
       0
       0
       0
       0
       0
       0
       0
       0
       0
       0
       0
       0
       0
       0
       0
       0
       0
       0
       0
       0
       0
       0
       0
       0
       0
       1
       0
       0
       0
       0
       0
       0
       0
       0
       0
       0
       0
       0
       0
       0
       0
       0
       0
       0
       0
       0
       0
       0
       0
       0
       0
       0
       0
       0
       0
       0
       0
       0
       0
       0
       0
       0
       0
       0
       0
       0
       0
       0
       0
       0
       0
       0
       0
       0
       0
       0
       0
       0
       0
       0
       0
       0
       0
       0
       0
       0
       0
       0
       0
       0
       0
       0
       0
       0
       0
       0
       0
       0
       0
       0
       0
       0
       0
       0
       0
       0
       0
       0
       0
       0
       0
       0
       0
       0
       0
       0
       0
       0
       0
       0
       0
       0
       0
       0
       0
       0
       0
       0
       0
       0
       0
       0
       0
       0
       0
       0
       0
       0
       0
       0
       0
       0
       0
       0
       0
       0
       0
       0
       0
       0
       0
       0
       0
       0
       0
       0
       0
       0
       0
       0
       0
       0
       0
       0
       0
       0
       0
       0
       0
       0
       0
       0
       0
       0
       0
       0
       0
       0
       0
       0
       0
       0
       0
       0
       0
       0
       0
       0
       0
       0
       0
       0
       0
       0
       0
       0
       0
       0
       0
       0
       0
       0
       0
       0
       0
       0
       0
       0
       0
       0
       0
       0
       0
       0
       0
       0
       0
       0
       0
       0
       0
       0
       0
       0
       0
       0
       0
       0
       0
       0
       0
       0
       0
       0
       0
       0
       0
       0
       0
       0
       0
       0
       0
       0
       0
       0
       0
       0
       0
       0
       0
       0
       0
       0
       0
       0
       0
       0
       0
       0
       0
       0
       0
       0
       0
       0
       0
       0
       0
       0
       0
       0
       0
       0
       0
       0
       0
       0
       0
       0
$ROI:
1
292 324
$PRESETS:
Real Time
60
0
$ENER_FIT:
0.000000 0.000000
$MCA_CAL:
3
0.000000E+000 0.000000E+000 0.000000E+000 
$SHAPE_CAL:
3
0.000000E+000 0.000000E+000 0.000000E+000
