$SPEC_ID:
No sample description was entered.
$SPEC_REM:
DET# 2
DETDESC# LAB4D2 Easy-MCA-2k SN 18162513
AP# Maestro Version 7.01
$DATE_MEA:
11/29/2022 15:27:55
$MEAS_TIM:
174 180
$DATA:
0 2047
       0
       0
       0
       0
       0
       0
       0
       0
       0
       0
       0
       0
       0
       0
       0
       0
      60
    1835
   13248
   10918
    9045
    7534
    6269
    5329
    4449
    3856
    3374
    2927
    2587
    2311
    2152
    2036
    1763
    1821
    1701
    1770
    1658
    1576
    1562
    1472
    1487
    1446
    1393
    1351
    1275
    1238
    1153
    1152
    1088
     985
     913
     881
     775
     775
     665
     606
     564
     505
     522
     426
     412
     341
     353
     290
     283
     249
     221
     225
     212
     213
     206
     204
     203
     174
     196
     212
     195
     198
     201
     206
     193
     183
     173
     189
     167
     162
     151
     149
     141
     131
     121
     138
     153
     131
     103
     111
     118
     105
     104
     120
      94
     109
     122
     116
     124
     136
     106
     152
     123
     130
     140
     134
     136
     139
     168
     173
     179
     177
     168
     169
     176
     148
     151
     134
     129
     116
     133
     122
     103
     104
     111
      99
      89
      89
      71
      58
      66
      66
      66
      65
      61
      53
      56
      51
      43
      60
      58
      64
      36
      42
      53
      45
      39
      52
      56
      39
      58
      43
      54
      33
      37
      39
      38
      44
      45
      45
      30
      51
      41
      45
      48
      45
      41
      49
      41
      35
      42
      43
      49
      53
      23
      37
      38
      41
      54
      55
      45
      54
      50
      32
      38
      38
      39
      44
      42
      38
      52
      41
      39
      35
      49
      46
      59
      61
      56
      44
      73
     102
     118
     106
     127
     129
     143
     182
     194
     205
     208
     224
     225
     264
     242
     240
     218
     223
     202
     185
     159
     155
     130
     113
      96
     105
      76
      70
      64
      50
      71
      55
      57
      61
      50
      72
      70
      66
      70
      72
      83
      97
     101
     108
     119
     121
     111
     113
     119
      90
     107
      92
     107
      91
      91
      75
      77
      60
      60
      69
      64
      66
      64
      64
      64
      66
      55
      87
      65
      68
      76
      75
      68
      82
      77
      72
      79
      99
     111
     129
     127
     155
     144
     174
     200
     260
     303
     344
     388
     501
     610
     722
     985
    1167
    1342
    1616
    1946
    2236
    2700
    2930
    3348
    3709
    3797
    4046
    4203
    4170
    4072
    3835
    3441
    3196
    2881
    2569
    2065
    1840
    1448
    1174
     955
     736
     597
     491
     357
     306
     255
     230
     182
     177
     136
     117
     130
     113
      95
      73
      65
      59
      53
      46
      34
      35
      21
      15
      16
      14
      12
      12
       8
       8
       6
      12
       9
      11
       4
       3
       6
       3
       4
       4
       9
       8
       4
       2
       4
      10
       5
       4
       4
       3
       1
       3
       2
       2
       2
       3
       4
       1
       5
       4
       3
       2
       3
       1
       3
       1
       4
       2
       0
       3
       3
       2
       4
       0
       3
       1
       0
       0
       3
       3
       2
       1
       2
       2
       3
       4
       1
       3
       2
       2
       3
       2
       2
       1
       3
       5
       3
       3
       1
       3
       1
       6
       1
       4
       0
       3
       4
       1
       3
       3
       0
       1
       0
       2
       1
       0
       2
       1
       3
       1
       3
       3
       0
       2
       1
       3
       1
       3
       0
       1
       2
       3
       1
       1
       0
       0
       1
       0
       2
       1
       1
       1
       4
       3
       1
       0
       1
       2
       4
       0
       1
       1
       1
       1
       4
       2
       1
       2
       2
       1
       0
       1
       1
       4
       1
       1
       0
       2
       1
       1
       2
       3
       1
       1
       0
       1
       1
       2
       3
       3
       0
       1
       3
       3
       2
       1
       2
       1
       0
       1
       2
       0
       0
       1
       5
       2
       1
       1
       3
       5
       3
       2
       3
       6
       6
       9
       3
       6
       2
       5
       5
       2
       3
       4
       1
       2
       4
       1
       1
       3
       1
       6
       1
       5
       6
       2
       6
       4
       3
       2
       4
       2
       0
       6
       2
       3
       1
       2
       1
       1
       3
       0
       0
       1
       1
       0
       1
       2
       5
       1
       2
       3
       1
       3
       1
       1
       1
       3
       2
       3
       1
       3
       1
       0
       3
       1
       0
       2
       3
       1
       2
       1
       3
       0
       0
       0
       1
       1
       2
       1
       1
       1
       1
       1
       3
       1
       3
       3
       0
       4
       1
       2
       1
       5
       2
       3
       2
       3
       3
       1
       1
       1
       1
       4
       2
       4
       6
       0
       0
       3
       1
       1
       2
       3
       0
       1
       1
       2
       1
       1
       0
       1
       0
       0
       1
       1
       0
       1
       0
       0
       1
       1
       0
       0
       0
       0
       0
       1
       0
       0
       1
       0
       0
       1
       0
       0
       0
       0
       2
       0
       1
       0
       0
       1
       0
       1
       1
       1
       0
       0
       0
       0
       0
       1
       0
       1
       0
       0
       0
       0
       0
       1
       1
       0
       0
       0
       0
       0
       0
       0
       0
       0
       0
       0
       0
       0
       0
       0
       0
       0
       0
       0
       0
       0
       0
       0
       0
       0
       0
       1
       0
       0
       0
       1
       1
       0
       0
       0
       0
       0
       0
       0
       0
       0
       0
       0
       0
       0
       0
       0
       0
       0
       0
       0
       0
       0
       0
       0
       0
       0
       0
       0
       0
       0
       0
       0
       0
       0
       0
       0
       0
       0
       0
       0
       0
       1
       0
       0
       0
       0
       0
       0
       0
       0
       0
       0
       0
       0
       0
       0
       0
       0
       0
       0
       0
       0
       0
       0
       0
       0
       0
       0
       0
       0
       0
       0
       0
       0
       0
       0
       0
       0
       0
       0
       0
       0
       0
       1
       1
       0
       0
       0
       1
       0
       0
       0
       0
       0
       0
       0
       0
       0
       0
       0
       0
       0
       0
       0
       0
       0
       0
       0
       0
       0
       0
       0
       0
       0
       0
       0
       0
       0
       0
       0
       1
       0
       0
       0
       0
       0
       0
       0
       0
       0
       0
       0
       0
       0
       0
       0
       0
       0
       0
       0
       0
       1
       0
       0
       0
       0
       0
       0
       0
       0
       0
       0
       0
       0
       0
       0
       0
       0
       0
       0
       0
       0
       0
       0
       0
       0
       0
       0
       0
       0
       0
       0
       0
       0
       1
       0
       0
       0
       0
       0
       0
       0
       0
       0
       0
       0
       1
       0
       0
       1
       0
       0
       0
       0
       0
       0
       0
       0
       0
       0
       0
       0
       0
       0
       1
       0
       1
       0
       0
       0
       0
       0
       0
       1
       0
       0
       0
       0
       0
       1
       0
       1
       0
       0
       0
       0
       0
       0
       0
       0
       0
       0
       0
       0
       0
       0
       0
       1
       0
       0
       0
       0
       0
       0
       0
       0
       0
       0
       0
       0
       0
       0
       0
       1
       0
       0
       0
       0
       0
       0
       0
       0
       0
       0
       0
       0
       0
       0
       0
       0
       0
       0
       0
       0
       0
       0
       0
       0
       0
       0
       0
       0
       0
       0
       0
       0
       0
       0
       0
       0
       0
       1
       0
       0
       0
       0
       0
       0
       0
       0
       0
       0
       0
       0
       0
       0
       0
       0
       0
       0
       0
       1
       0
       0
       1
       0
       1
       0
       0
       0
       0
       0
       0
       0
       0
       0
       0
       0
       0
       0
       0
       0
       0
       0
       0
       0
       0
       0
       2
       0
       1
       1
       0
       0
       0
       0
       0
       0
       0
       0
       0
       0
       0
       0
       0
       0
       0
       0
       0
       0
       0
       0
       0
       0
       0
       0
       0
       0
       0
       0
       0
       1
       0
       0
       0
       0
       0
       0
       0
       0
       2
       0
       0
       0
       0
       0
       0
       0
       0
       0
       0
       0
       0
       0
       0
       0
       0
       0
       0
       0
       0
       0
       0
       0
       0
       0
       0
       0
       0
       0
       0
       0
       0
       0
       0
       0
       0
       0
       0
       0
       0
       0
       0
       0
       0
       0
       0
       0
       1
       0
       1
       0
       0
       0
       0
       0
       0
       0
       0
       0
       0
       0
       0
       0
       0
       0
       0
       0
       0
       0
       0
       0
       0
       0
       0
       0
       0
       0
       0
       0
       0
       0
       0
       0
       0
       0
       0
       0
       0
       1
       1
       0
       0
       0
       1
       0
       0
       0
       0
       0
       0
       0
       0
       0
       0
       0
       0
       0
       0
       0
       0
       0
       0
       0
       0
       0
       0
       0
       0
       0
       0
       0
       0
       0
       0
       0
       0
       0
       1
       0
       0
       0
       0
       1
       0
       0
       0
       0
       0
       0
       1
       0
       0
       0
       0
       0
       0
       0
       0
       0
       0
       0
       0
       0
       0
       0
       0
       0
       0
       0
       0
       0
       0
       0
       0
       0
       0
       0
       0
       0
       0
       0
       0
       1
       0
       0
       0
       0
       1
       0
       0
       0
       0
       0
       0
       0
       0
       0
       0
       0
       0
       0
       0
       0
       0
       0
       0
       0
       0
       0
       0
       0
       0
       0
       0
       0
       0
       0
       0
       1
       0
       0
       0
       0
       0
       0
       0
       0
       0
       1
       0
       0
       0
       0
       0
       0
       0
       0
       0
       0
       0
       0
       0
       0
       0
       0
       0
       0
       0
       0
       0
       0
       0
       0
       0
       0
       0
       0
       0
       1
       0
       0
       0
       0
       0
       0
       0
       0
       0
       0
       0
       0
       0
       0
       0
       0
       0
       0
       0
       0
       0
       0
       0
       0
       0
       0
       0
       1
       0
       0
       0
       0
       0
       0
       0
       0
       0
       1
       0
       0
       0
       0
       0
       0
       0
       0
       0
       0
       0
       0
       0
       0
       0
       0
       0
       0
       0
       0
       0
       0
       0
       0
       0
       0
       0
       0
       0
       0
       0
       0
       0
       1
       0
       0
       0
       0
       0
       0
       0
       0
       0
       0
       0
       0
       0
       0
       0
       0
       0
       0
       0
       0
       0
       0
       0
       0
       0
       0
       0
       0
       0
       0
       0
       0
       0
       0
       0
       0
       0
       0
       0
       0
       0
       0
       0
       0
       0
       0
       0
       0
       0
       0
       0
       0
       0
       0
       0
       0
       0
       0
       0
       0
       0
       0
       0
       1
       0
       0
       0
       0
       0
       0
       0
       0
       0
       0
       0
       0
       1
       0
       0
       0
       1
       0
       0
       0
       0
       0
       0
       0
       0
       0
       0
       0
       1
       0
       0
       0
       0
       0
       0
       0
       0
       0
       0
       1
       0
       0
       0
       0
       0
       0
       0
       0
       0
       0
       0
       0
       0
       0
       0
       0
       0
       0
       0
       0
       0
       0
       0
       0
       0
       0
       0
       0
       0
       0
       0
       0
       0
       0
       0
       0
       0
       0
       0
       0
       0
       0
       0
       0
       0
       0
       0
       0
       0
       0
       0
       0
       0
       0
       0
       0
       0
       0
       0
       0
       0
       1
       0
       0
       0
       0
       0
       0
       0
       1
       0
       0
       0
       0
       0
       0
       0
       0
       0
       0
       0
       0
       0
       0
       0
       1
       0
       0
       0
       0
       0
       0
       0
       0
       0
       0
       0
       0
       0
       0
       1
       0
       0
       0
       0
       0
       0
       0
       0
       0
       0
       0
       0
       0
       0
       0
       0
       0
       0
       0
       0
       0
       0
       0
       0
       0
       0
       0
       0
       0
       0
       0
       0
       0
       0
       0
       0
       0
       0
       0
       0
       0
       0
       0
       0
       0
       0
       0
       0
       0
       0
       0
       0
       0
       0
       0
       0
       0
       0
       0
       0
       0
       0
       0
       0
       0
       0
       0
       0
       0
       0
       0
       0
       0
       0
       0
       0
       0
       0
       0
       0
       0
       0
       0
       0
       0
       0
       0
       0
       0
       0
       0
       0
       0
       0
       0
       0
       0
       0
       0
       0
       0
       0
       0
       0
       0
       0
       0
       0
       0
       0
       0
       0
       0
       0
       0
       0
       0
       0
       0
       0
       0
       0
       0
       0
       0
       0
       0
       0
       0
       0
       0
       0
       0
       0
       0
       0
       1
       0
       0
       0
       0
       0
       0
       0
       0
       0
       0
       0
       0
       0
       0
       0
       0
       0
       0
       0
       0
       0
       0
       0
       0
       0
       0
       0
       0
       0
       0
       0
       0
       0
       0
       0
       0
       0
       0
       0
       0
       0
       0
       0
       0
       0
       0
       0
       0
       0
       0
       0
       0
       0
       0
       0
       0
       0
       0
       0
       0
       0
       0
       0
       0
       0
       0
       0
       0
       0
       0
       0
       0
       0
       0
       0
       0
       0
       0
       0
       0
       0
       0
       0
       0
       0
       0
       0
       0
       0
       0
       0
       0
       0
       0
       0
       0
       0
       0
       0
       0
       0
       0
       0
       0
       0
       0
       0
       0
       0
       0
       0
       0
       0
       0
       0
       0
       0
       0
       0
       0
       0
       0
       0
       0
       0
       0
       0
       0
       0
       0
       0
       0
       1
       0
       0
       0
       0
       0
       0
       0
       0
       0
       0
       0
       0
       0
       0
       0
       0
       0
       0
       0
       0
       0
       0
       0
       0
       0
       0
       0
       0
       0
       0
       0
       0
       0
       0
       0
       0
       0
       0
       0
       0
       0
       0
       0
       0
       0
       0
       0
       0
       0
       0
       0
       0
       0
       0
       0
       0
       0
       0
       0
       0
       0
       0
       0
       0
       0
       1
       0
       0
       0
       0
       0
       0
       0
       0
       0
       0
       0
       0
       0
       0
       0
       0
       0
       0
       0
       0
       0
       0
       0
       0
       0
       0
       0
       0
       0
       0
       0
       0
       0
       0
       0
       0
       0
       0
       0
       0
       0
       0
       0
       0
       0
       0
       0
       0
       0
       0
       0
       0
       0
       0
       0
       0
       0
       0
       0
       0
       0
       0
       0
       0
       0
       0
       0
       0
       0
       0
       0
       0
       0
       0
       0
       0
       0
       0
       0
$ROI:
2
210 228
296 321
$PRESETS:
Real Time
180
0
$ENER_FIT:
0.000000 0.000000
$MCA_CAL:
3
0.000000E+000 0.000000E+000 0.000000E+000 
$SHAPE_CAL:
3
0.000000E+000 0.000000E+000 0.000000E+000
