$SPEC_ID:
No sample description was entered.
$SPEC_REM:
DET# 2
DETDESC# LAB4D2 Easy-MCA-2k SN 18162513
AP# Maestro Version 7.01
$DATE_MEA:
11/29/2022 16:19:17
$MEAS_TIM:
168 180
$DATA:
0 2047
       0
       0
       0
       0
       0
       0
       0
       0
       0
       0
       0
       0
       0
       0
       0
       0
     124
    3356
   23684
   20341
   17412
   14907
   12880
   10970
    9540
    8167
    7109
    6341
    5608
    5095
    4535
    4107
    3952
    3602
    3414
    3262
    3239
    3066
    2931
    2846
    2780
    2708
    2587
    2503
    2403
    2288
    2166
    2131
    1952
    1881
    1708
    1671
    1537
    1371
    1275
    1151
    1098
     924
     877
     792
     753
     703
     619
     628
     548
     499
     498
     439
     502
     486
     492
     520
     572
     627
     656
     719
     805
     878
     941
    1026
    1039
    1084
    1063
    1044
    1007
     897
     855
     779
     751
     674
     586
     535
     509
     482
     434
     396
     361
     342
     313
     294
     302
     304
     276
     246
     249
     223
     246
     215
     216
     253
     242
     254
     259
     279
     300
     250
     252
     270
     254
     264
     264
     238
     225
     215
     176
     170
     186
     152
     135
     139
     107
     125
     110
     112
     100
     112
     108
     106
      89
     103
      85
      90
      86
      66
      91
      65
      73
      70
      54
      66
      59
      68
      72
      65
      71
      48
      56
      66
      63
      58
      56
      58
      52
      64
      56
      64
      60
      66
      54
      63
      54
      62
      49
      48
      65
      73
      56
      56
      62
      54
      51
      60
      51
      46
      57
      62
      39
      56
      48
      42
      61
      45
      44
      43
      54
      55
      51
      51
      57
      47
      46
      56
      56
      55
      46
      47
      33
      47
      53
      51
      47
      45
      45
      52
      45
      66
      51
      45
      56
      55
      54
      38
      50
      52
      42
      44
      48
      54
      56
      66
      57
      49
      58
      50
      49
      61
      64
      42
      51
      62
      65
      55
      67
      70
      64
      67
      84
      88
      95
      79
      92
      91
      88
      83
      89
      79
      99
     105
     110
     111
     112
     115
     111
     115
     103
     111
     114
     140
     123
     124
     119
     114
     135
     113
     120
     148
     141
     138
     167
     151
     149
     185
     174
     206
     203
     249
     237
     274
     306
     336
     382
     480
     541
     624
     804
     929
    1144
    1474
    1745
    2127
    2536
    2967
    3631
    4295
    4990
    5653
    6189
    6749
    7140
    7542
    7666
    7478
    7276
    6949
    6545
    5747
    5054
    4444
    3694
    3205
    2679
    2180
    1766
    1512
    1213
    1031
     925
     788
     707
     550
     576
     496
     449
     379
     405
     331
     292
     267
     231
     223
     174
     132
     129
     104
     102
      66
      76
      50
      49
      52
      48
      36
      29
      18
      27
      30
      25
      17
      21
      23
      21
      18
      23
      15
      22
      16
      12
      13
      13
      19
      14
      10
       8
       9
       7
       8
      13
       7
      11
       8
      13
       4
      11
       9
       5
       8
       6
       7
       4
       2
       5
       7
       3
       5
       5
       9
       6
       9
       2
       8
       7
       5
       7
      11
       7
       5
      10
       1
       5
       7
      10
       5
       6
       6
       6
       3
       6
       6
       5
       6
       7
       5
       2
       6
       3
       1
       2
       3
       5
       5
       7
       5
       6
       5
       3
       5
       3
       5
       4
       2
       2
       2
       4
       2
       4
       4
       6
       4
       4
       6
       3
       0
       4
       4
       3
       3
       5
       3
       1
       3
       5
       3
       3
       3
       5
       3
       8
       0
       4
       4
       5
       4
       3
       3
       4
       3
       3
       4
       4
       3
       1
       3
       2
       3
       2
       3
       2
       3
       2
       4
       5
       2
       6
       4
       2
       2
       2
       2
       2
       4
       9
       6
       1
       2
       5
       6
       3
       8
       6
       4
       3
       4
       1
       6
       7
       1
       7
       6
       4
       3
       3
       5
       9
       6
       6
       9
       3
       6
       8
       5
       4
       2
       4
       7
       2
       6
       4
       3
       6
      10
       6
       4
       6
       5
       5
       3
       6
       5
       8
       4
       3
      12
       4
       8
       4
       5
       6
       3
       1
       3
       6
       4
       5
       1
       7
       4
       3
       5
       5
       2
       4
       3
       4
       4
       5
       4
       4
       4
       3
       2
       4
       2
       8
       3
       2
       2
       4
       4
       5
       0
       5
       5
       7
       6
       5
       2
       5
       1
       5
       7
       9
       6
       8
       8
       2
       5
       6
       6
       7
       6
       7
       8
       6
       9
      10
       9
      10
       4
       7
       6
      13
       8
       8
      12
      10
       5
      10
       3
       9
       8
       8
      14
       4
       5
       6
      10
       4
       5
       4
       6
       5
       2
       2
       2
       0
       1
       0
       0
       0
       1
       0
       0
       0
       0
       0
       1
       0
       0
       1
       0
       1
       0
       1
       0
       1
       0
       0
       1
       0
       0
       0
       0
       0
       2
       0
       0
       0
       0
       0
       0
       0
       0
       0
       0
       1
       1
       0
       0
       0
       1
       0
       0
       0
       0
       0
       0
       0
       0
       0
       0
       0
       0
       0
       1
       0
       0
       0
       0
       0
       0
       1
       0
       0
       0
       0
       1
       0
       0
       0
       0
       0
       0
       0
       0
       1
       0
       0
       0
       0
       0
       0
       0
       0
       0
       0
       0
       0
       0
       0
       0
       0
       0
       0
       0
       0
       0
       1
       0
       0
       0
       0
       0
       0
       0
       0
       0
       1
       0
       0
       0
       0
       0
       0
       0
       0
       0
       0
       0
       0
       0
       0
       0
       0
       0
       0
       0
       0
       1
       1
       0
       0
       0
       0
       1
       0
       0
       0
       0
       0
       1
       0
       0
       0
       0
       0
       0
       0
       0
       0
       0
       0
       2
       1
       0
       0
       0
       0
       0
       0
       0
       0
       0
       0
       0
       0
       0
       0
       0
       0
       0
       0
       0
       0
       0
       0
       0
       0
       0
       1
       0
       0
       0
       0
       0
       0
       0
       0
       0
       0
       0
       0
       0
       0
       0
       0
       1
       0
       0
       0
       0
       0
       0
       0
       0
       0
       0
       0
       0
       0
       0
       1
       0
       1
       0
       0
       0
       0
       0
       0
       0
       0
       0
       0
       0
       0
       0
       0
       0
       1
       0
       0
       0
       0
       0
       0
       1
       0
       0
       0
       0
       0
       0
       0
       0
       0
       0
       0
       0
       0
       0
       0
       0
       0
       0
       0
       1
       0
       2
       0
       0
       0
       0
       1
       0
       0
       0
       0
       0
       0
       0
       0
       0
       0
       0
       0
       0
       0
       0
       0
       0
       0
       0
       0
       0
       0
       0
       0
       0
       0
       0
       0
       0
       0
       0
       0
       0
       0
       0
       0
       0
       0
       0
       0
       0
       0
       1
       0
       0
       0
       0
       0
       0
       0
       0
       0
       0
       0
       0
       0
       0
       0
       0
       0
       0
       0
       0
       0
       0
       1
       0
       0
       0
       0
       0
       0
       0
       0
       0
       0
       0
       0
       0
       0
       0
       0
       0
       0
       0
       0
       0
       0
       0
       0
       0
       0
       1
       0
       0
       0
       0
       0
       0
       0
       0
       0
       0
       0
       0
       1
       0
       0
       0
       0
       0
       0
       0
       0
       0
       0
       0
       0
       0
       0
       0
       0
       0
       0
       0
       0
       0
       0
       0
       0
       0
       0
       0
       0
       0
       0
       0
       0
       0
       0
       0
       0
       0
       0
       0
       0
       0
       0
       0
       0
       0
       0
       0
       0
       0
       0
       0
       0
       0
       0
       0
       1
       0
       0
       0
       0
       0
       0
       0
       0
       0
       0
       0
       0
       0
       0
       0
       0
       0
       0
       0
       0
       0
       0
       0
       0
       0
       0
       0
       0
       0
       0
       0
       0
       0
       0
       0
       0
       0
       0
       1
       0
       0
       1
       0
       0
       0
       0
       1
       0
       0
       1
       0
       0
       0
       0
       0
       0
       0
       0
       0
       0
       0
       0
       0
       0
       0
       0
       0
       0
       0
       0
       0
       0
       0
       0
       0
       0
       0
       0
       0
       0
       0
       0
       0
       0
       0
       0
       0
       0
       0
       0
       0
       0
       0
       0
       0
       0
       0
       0
       0
       0
       0
       0
       0
       0
       0
       0
       0
       0
       0
       0
       0
       0
       0
       0
       0
       0
       0
       0
       0
       0
       0
       0
       0
       0
       0
       0
       0
       0
       0
       0
       0
       0
       0
       0
       0
       0
       0
       0
       0
       0
       0
       0
       0
       0
       0
       0
       0
       0
       0
       1
       0
       0
       0
       0
       0
       0
       1
       0
       0
       0
       0
       0
       0
       0
       0
       0
       0
       0
       0
       0
       0
       0
       0
       0
       0
       0
       0
       0
       0
       0
       0
       0
       0
       0
       0
       0
       0
       0
       0
       0
       0
       0
       0
       0
       0
       0
       0
       0
       0
       0
       0
       0
       0
       0
       0
       0
       0
       0
       0
       0
       0
       0
       0
       0
       1
       0
       0
       0
       0
       0
       0
       0
       0
       0
       0
       0
       0
       0
       0
       0
       0
       0
       0
       0
       0
       0
       0
       0
       0
       0
       0
       0
       0
       0
       0
       0
       0
       0
       0
       0
       0
       0
       0
       0
       0
       0
       0
       0
       0
       0
       0
       0
       0
       0
       0
       0
       0
       0
       0
       0
       0
       0
       0
       0
       0
       0
       0
       0
       0
       0
       0
       0
       0
       0
       0
       0
       0
       0
       0
       0
       0
       0
       0
       0
       0
       0
       0
       0
       0
       0
       0
       0
       1
       0
       0
       0
       0
       0
       0
       0
       0
       0
       0
       0
       0
       0
       0
       0
       0
       0
       0
       0
       0
       0
       0
       0
       0
       0
       1
       0
       0
       0
       0
       0
       0
       0
       0
       0
       0
       0
       0
       0
       0
       0
       0
       0
       0
       0
       0
       0
       0
       0
       0
       0
       0
       0
       0
       0
       0
       0
       0
       0
       0
       0
       0
       0
       0
       0
       0
       0
       0
       0
       0
       0
       0
       0
       1
       0
       0
       0
       0
       0
       0
       0
       0
       0
       0
       0
       0
       0
       0
       0
       0
       0
       0
       0
       0
       0
       0
       0
       0
       0
       0
       0
       0
       0
       0
       0
       0
       0
       0
       0
       0
       0
       0
       0
       0
       0
       0
       0
       0
       0
       0
       0
       0
       0
       0
       0
       0
       0
       0
       0
       0
       0
       0
       0
       0
       0
       0
       0
       0
       0
       0
       0
       0
       0
       0
       0
       0
       0
       0
       0
       0
       0
       0
       0
       0
       0
       0
       0
       0
       0
       0
       0
       0
       0
       0
       0
       0
       0
       0
       0
       0
       0
       0
       0
       0
       0
       0
       0
       0
       0
       0
       0
       0
       0
       0
       0
       0
       0
       0
       0
       0
       0
       0
       0
       0
       0
       0
       0
       0
       0
       1
       0
       0
       0
       0
       0
       0
       0
       0
       0
       0
       0
       0
       0
       0
       0
       0
       0
       0
       0
       0
       0
       0
       0
       0
       1
       0
       0
       0
       0
       0
       0
       0
       0
       0
       0
       0
       0
       0
       0
       0
       0
       0
       0
       0
       0
       0
       0
       0
       0
       0
       0
       0
       0
       0
       0
       0
       0
       0
       0
       0
       0
       0
       0
       0
       0
       0
       0
       1
       0
       0
       0
       0
       0
       0
       0
       0
       0
       0
       0
       0
       0
       0
       0
       0
       0
       0
       0
       0
       0
       0
       0
       0
       0
       0
       0
       0
       0
       0
       0
       0
       0
       0
       0
       0
       0
       0
       0
       0
       0
       0
       0
       0
       0
       0
       0
       0
       0
       0
       0
       0
       0
       0
       0
       0
       0
       0
       0
       0
       0
       0
       0
       0
       0
       0
       0
       0
       0
       0
       0
       0
       0
       0
       0
       0
       0
       0
       0
       0
       0
       0
       0
       0
       0
       0
       0
       0
       0
       0
       0
       0
       0
       0
       0
       0
       0
       0
       0
       0
       0
       0
       0
       0
       0
       0
       0
       0
       0
       0
       0
       0
       0
       0
       0
       0
       0
       0
       0
       0
       0
       0
       0
       0
       0
       0
       0
       0
       0
       0
       0
       0
       0
       0
       0
       0
       0
       0
       0
       0
       0
       0
       0
       0
       0
       0
       0
       0
       0
       0
       0
       0
       0
       0
       0
       0
       0
       0
       0
       0
       0
       0
       0
       0
       0
       0
       0
       0
       0
       0
       0
       0
       0
       0
       0
       1
       0
       0
       0
       0
       0
       0
       0
       0
       0
       0
       0
       0
       0
       0
       0
       0
       0
       0
       0
       0
       0
       0
       0
       0
       0
       0
       0
       0
       0
       0
       0
       0
       0
       0
       0
       0
       0
       0
       0
       0
       0
       0
       0
       0
       0
       0
       0
       0
       0
       0
       0
       0
       0
       0
       0
       0
       0
       0
       0
       0
       0
       0
       0
       0
       0
       0
       0
       0
       0
       0
       0
       0
       0
       0
       0
       0
       0
       0
       0
       0
       0
       0
       0
       0
       0
       0
       0
       0
       0
       0
       0
       0
       0
       0
       0
       0
       0
       0
       0
       0
       0
       0
       0
       0
       0
       0
       0
       0
       0
       0
       0
       0
       0
       0
       0
       0
       0
       0
       0
       0
       0
       0
       0
       0
       0
       0
       0
       0
       0
       0
       0
       0
       0
       0
       0
       0
       0
       0
       0
       0
       0
       0
       0
       0
       0
       0
       0
       0
       0
       0
       0
       0
       0
       0
       0
       0
       0
       0
       0
       0
       0
       0
       0
       0
       0
       0
       0
       0
       0
       0
       0
       0
       0
       0
       0
       0
       0
       0
       0
       0
       0
       0
       0
       0
       0
       0
       0
       0
       0
       0
       0
       0
       0
       0
       0
       0
       0
       0
       0
       0
       0
       0
       0
       0
       0
       0
       0
       0
       0
       0
       0
       0
       0
       0
       0
       0
       0
       0
       0
       0
       0
       0
       0
       0
       0
       0
$ROI:
5
72 91
104 128
210 228
242 242
296 321
$PRESETS:
Real Time
180
0
$ENER_FIT:
0.000000 0.000000
$MCA_CAL:
3
0.000000E+000 0.000000E+000 0.000000E+000 
$SHAPE_CAL:
3
0.000000E+000 0.000000E+000 0.000000E+000
