$SPEC_ID:
No sample description was entered.
$SPEC_REM:
DET# 2
DETDESC# LAB4D2 Easy-MCA-2k SN 18162513
AP# Maestro Version 7.01
$DATE_MEA:
11/29/2022 16:27:49
$MEAS_TIM:
166 180
$DATA:
0 2047
       0
       0
       0
       0
       0
       0
       0
       0
       0
       0
       0
       0
       0
       0
       0
       0
     172
    3849
   25630
   22044
   18844
   16386
   13604
   11816
   10415
    8865
    7827
    6762
    6029
    5423
    4944
    4485
    4125
    3968
    3753
    3671
    3532
    3359
    3281
    3177
    3095
    3087
    2998
    2890
    2777
    2695
    2566
    2498
    2436
    2233
    2188
    1926
    1873
    1682
    1535
    1532
    1381
    1290
    1170
    1048
    1007
     855
     817
     718
     628
     613
     547
     481
     473
     417
     418
     323
     346
     340
     269
     278
     248
     258
     235
     216
     177
     203
     190
     194
     157
     177
     162
     164
     128
     157
     136
     129
     140
     143
     133
     145
     136
     146
     155
     134
     201
     179
     173
     192
     186
     231
     211
     222
     228
     255
     232
     273
     262
     305
     292
     311
     316
     279
     311
     321
     302
     266
     269
     256
     236
     205
     223
     211
     198
     191
     186
     155
     131
     157
     146
     142
     140
     133
     123
     118
     106
     114
     102
     120
      92
     129
      99
     101
      85
      99
      85
      76
      95
      90
      75
      76
      68
      71
      77
      71
      84
      87
      97
      80
      76
      91
      88
      79
      85
      85
      71
      78
      82
      87
      83
      77
      87
      82
      79
      74
      84
      69
      76
      78
      75
      75
      69
      82
      80
      61
      70
      70
      56
      60
      68
      68
      70
      61
      62
      61
      75
      62
      66
      68
      63
      62
      71
      74
      63
      77
      64
      66
      72
      75
      90
      74
      71
      71
      70
      76
      72
      71
      62
      72
      64
      87
      52
      88
      63
     104
      80
      71
      62
      79
      72
      68
      86
      73
      98
      72
      65
      92
      72
      90
     103
      72
      95
      93
      97
     111
     108
     131
     124
     119
     132
     108
     125
     153
     128
     125
     126
     112
     127
     138
     157
     129
     137
     138
     129
     169
     131
     154
     163
     157
     156
     170
     166
     195
     180
     207
     175
     211
     190
     216
     225
     246
     271
     304
     345
     395
     460
     568
     678
     734
     935
    1057
    1397
    1724
    1997
    2430
    2982
    3570
    4220
    5071
    5676
    6272
    7003
    7509
    7994
    8533
    8586
    8442
    8081
    7840
    7160
    6469
    5773
    4909
    4246
    3552
    2979
    2518
    2074
    1638
    1462
    1237
    1093
     933
     797
     755
     660
     614
     522
     537
     492
     431
     345
     319
     280
     265
     220
     175
     157
     137
     123
      91
      78
      86
      56
      54
      39
      38
      38
      39
      17
      37
      24
      32
      26
      24
      27
      17
      30
      15
      20
      23
      13
      11
      12
      17
      18
      11
       7
      12
       8
       8
      12
       7
      14
       5
      11
       7
       5
       8
       7
       3
       7
       4
       2
       6
       6
       5
       4
       3
       1
       2
       4
       2
       3
       3
       7
       2
       2
       5
       6
       4
       3
       7
       2
       6
       5
       6
       5
      13
       5
       8
       4
       4
       3
       7
       8
       8
      11
       5
       9
       5
       7
       3
       9
       4
       4
       6
       7
       6
       9
       6
       8
       2
       7
       7
       7
       4
       3
       4
       5
       6
       9
       5
       7
       2
       1
       2
       6
       3
       5
       5
       5
       8
       3
       3
       6
       4
       4
       4
       6
       2
       5
       6
       4
       1
      10
       3
       3
       5
       6
       6
       6
       6
       3
       2
       4
       7
       1
       5
       5
       5
       8
       2
       5
       7
       5
       5
       0
       2
       5
       5
       3
       6
       4
       6
       3
       7
       6
       6
       7
       0
       8
       7
       7
       3
       7
       4
       7
       6
       2
       3
       4
      10
       8
       5
      10
       3
       6
       6
       5
       8
       9
      10
      14
       8
      10
       5
       7
      10
       3
       5
       4
       4
       9
       8
       7
      12
      15
       5
      10
       7
       8
       7
      10
       8
       6
      11
       5
       6
       3
       7
       9
       6
       8
       3
       5
       5
       2
       4
       2
       3
       7
       5
       3
       4
       7
       2
       4
       1
       6
       3
       4
       4
       3
       6
       7
       3
       7
       4
       5
       5
       7
       5
       7
       6
       6
       4
       2
       3
       5
       5
       6
       8
       6
       5
       5
       9
       5
       6
       2
       3
       6
       2
      11
       7
       7
       9
       8
       7
       8
       9
       9
       8
       5
       5
       5
       5
       3
      11
      11
      13
      13
      11
       8
      10
      11
      13
       9
       9
       6
       6
       8
       7
       3
       2
       3
       2
       3
       2
       2
       0
       3
       1
       3
       2
       0
       2
       1
       1
       2
       1
       0
       0
       1
       0
       0
       1
       0
       2
       0
       0
       0
       0
       0
       0
       0
       0
       0
       0
       0
       1
       0
       0
       1
       1
       0
       1
       1
       1
       0
       0
       0
       1
       0
       0
       0
       1
       1
       0
       1
       0
       0
       0
       0
       0
       0
       0
       0
       0
       0
       0
       0
       1
       0
       0
       0
       0
       0
       0
       0
       0
       0
       0
       0
       0
       0
       0
       0
       0
       0
       0
       0
       0
       0
       0
       0
       0
       0
       0
       0
       0
       0
       0
       0
       1
       0
       0
       0
       0
       0
       1
       1
       0
       0
       0
       1
       0
       0
       0
       0
       0
       0
       0
       0
       1
       0
       1
       0
       0
       0
       0
       0
       0
       0
       0
       0
       1
       0
       0
       0
       0
       0
       0
       0
       0
       0
       0
       0
       0
       0
       0
       0
       0
       0
       0
       0
       1
       0
       1
       0
       0
       0
       0
       0
       0
       0
       0
       0
       0
       0
       0
       0
       0
       0
       0
       0
       0
       0
       0
       0
       0
       0
       0
       0
       0
       0
       0
       0
       0
       0
       0
       0
       0
       0
       0
       0
       0
       0
       0
       0
       0
       0
       0
       0
       0
       0
       0
       0
       0
       0
       0
       0
       0
       0
       0
       1
       0
       0
       0
       0
       0
       0
       0
       1
       0
       0
       0
       1
       0
       0
       0
       1
       0
       0
       0
       0
       0
       0
       0
       0
       0
       0
       0
       1
       0
       0
       0
       0
       0
       0
       0
       0
       0
       0
       0
       0
       1
       0
       0
       0
       0
       0
       0
       1
       0
       0
       0
       0
       0
       0
       0
       0
       0
       0
       0
       0
       0
       0
       0
       0
       0
       0
       0
       0
       0
       0
       0
       0
       0
       0
       0
       0
       0
       0
       0
       0
       0
       0
       0
       0
       0
       0
       0
       0
       0
       0
       0
       0
       0
       0
       0
       0
       0
       0
       1
       0
       0
       1
       1
       0
       0
       0
       0
       0
       0
       0
       0
       0
       0
       0
       0
       0
       0
       0
       0
       0
       0
       0
       0
       0
       0
       0
       1
       0
       0
       0
       0
       1
       0
       0
       0
       0
       0
       0
       0
       0
       0
       0
       0
       0
       0
       0
       1
       0
       0
       1
       0
       0
       0
       0
       0
       0
       0
       0
       0
       0
       0
       0
       0
       0
       0
       0
       0
       0
       0
       0
       0
       0
       0
       0
       0
       0
       0
       0
       0
       0
       0
       0
       0
       0
       0
       0
       0
       0
       0
       0
       0
       0
       0
       0
       0
       1
       0
       0
       0
       0
       0
       0
       0
       0
       0
       0
       0
       0
       0
       0
       0
       1
       0
       0
       0
       0
       0
       0
       0
       0
       0
       0
       0
       0
       0
       0
       0
       0
       0
       0
       0
       0
       0
       0
       0
       0
       0
       0
       0
       0
       0
       0
       0
       0
       0
       0
       0
       1
       0
       0
       0
       0
       0
       0
       0
       0
       0
       0
       0
       0
       0
       1
       0
       0
       0
       0
       0
       0
       0
       0
       0
       0
       0
       0
       0
       0
       0
       0
       0
       0
       0
       0
       0
       0
       0
       0
       0
       0
       0
       0
       0
       0
       0
       0
       0
       0
       0
       1
       0
       0
       0
       0
       0
       0
       0
       0
       0
       0
       0
       0
       0
       0
       0
       0
       0
       0
       0
       0
       0
       0
       0
       0
       0
       0
       0
       0
       0
       0
       0
       0
       0
       1
       0
       0
       0
       0
       0
       0
       0
       0
       0
       0
       0
       0
       0
       0
       0
       0
       0
       0
       1
       0
       0
       0
       0
       0
       0
       0
       0
       0
       0
       0
       0
       0
       0
       0
       0
       0
       0
       0
       1
       0
       0
       0
       0
       0
       0
       0
       0
       1
       0
       0
       0
       0
       0
       0
       0
       0
       0
       0
       0
       0
       0
       0
       0
       0
       0
       0
       0
       0
       0
       0
       0
       0
       0
       0
       0
       0
       0
       0
       0
       0
       0
       0
       0
       0
       0
       0
       0
       0
       0
       0
       0
       0
       0
       0
       0
       0
       0
       0
       0
       0
       0
       0
       0
       1
       0
       0
       0
       0
       0
       1
       0
       0
       0
       0
       0
       0
       0
       0
       0
       0
       0
       0
       0
       0
       0
       0
       0
       0
       0
       0
       0
       0
       0
       0
       0
       0
       0
       0
       0
       0
       0
       0
       0
       0
       0
       0
       0
       0
       0
       0
       0
       0
       0
       0
       0
       0
       2
       0
       0
       0
       0
       0
       0
       0
       0
       0
       1
       0
       0
       1
       0
       0
       0
       0
       0
       0
       0
       0
       0
       0
       0
       0
       0
       0
       0
       0
       0
       0
       0
       0
       0
       0
       0
       0
       0
       0
       0
       0
       0
       0
       0
       0
       0
       0
       0
       0
       0
       0
       0
       0
       0
       0
       0
       0
       0
       0
       0
       0
       0
       0
       0
       0
       0
       0
       0
       0
       0
       0
       0
       0
       1
       0
       0
       0
       0
       0
       0
       0
       0
       0
       0
       0
       0
       0
       0
       0
       0
       0
       0
       0
       0
       0
       0
       0
       0
       0
       1
       0
       0
       0
       0
       0
       0
       0
       0
       0
       0
       0
       0
       0
       0
       0
       0
       0
       0
       0
       0
       0
       0
       1
       0
       0
       0
       0
       0
       0
       0
       0
       0
       0
       0
       0
       0
       0
       0
       0
       0
       0
       0
       0
       0
       0
       0
       0
       0
       0
       0
       0
       0
       0
       0
       0
       0
       0
       0
       0
       0
       0
       0
       0
       0
       0
       0
       0
       0
       1
       0
       0
       0
       0
       0
       0
       0
       1
       0
       0
       0
       0
       0
       0
       0
       0
       0
       0
       0
       0
       0
       0
       0
       0
       0
       0
       0
       0
       0
       0
       0
       0
       0
       0
       0
       0
       0
       0
       0
       0
       0
       0
       0
       0
       0
       0
       0
       0
       0
       0
       0
       0
       0
       0
       0
       0
       0
       0
       0
       0
       0
       0
       0
       0
       0
       0
       0
       0
       0
       0
       0
       0
       0
       0
       0
       0
       0
       0
       0
       0
       0
       0
       0
       0
       0
       0
       0
       0
       0
       0
       0
       0
       0
       0
       0
       0
       0
       0
       0
       0
       0
       0
       0
       0
       0
       0
       0
       0
       0
       0
       0
       0
       0
       0
       0
       0
       0
       0
       0
       0
       0
       0
       0
       0
       0
       0
       0
       0
       0
       0
       0
       0
       0
       0
       0
       0
       0
       0
       0
       0
       0
       0
       0
       0
       0
       0
       0
       0
       0
       0
       0
       0
       0
       0
       0
       0
       0
       0
       0
       0
       0
       0
       0
       0
       0
       0
       0
       0
       0
       1
       0
       0
       0
       0
       0
       0
       0
       0
       0
       0
       0
       0
       0
       0
       0
       0
       0
       0
       0
       0
       0
       0
       0
       0
       0
       0
       0
       0
       0
       0
       0
       0
       0
       0
       0
       0
       0
       0
       0
       0
       0
       0
       0
       0
       0
       0
       0
       0
       0
       0
       0
       0
       0
       0
       0
       0
       0
       0
       0
       0
       0
       0
       0
       0
       0
       0
       0
       0
       0
       0
       0
       0
       0
       0
       0
       0
       0
       0
       0
       0
       0
       0
       0
       0
       0
       0
       0
       0
       0
       0
       0
       0
       0
       0
       0
       0
       0
       0
       0
       0
       0
       0
       0
       0
       0
       0
       0
       0
       0
       0
       0
       0
       0
       0
       0
       0
       0
       0
       0
       0
       0
       0
       0
       0
       0
       0
       0
       0
       0
       0
       0
       0
       0
       0
       0
       0
       0
       0
       0
       0
       0
       0
       0
       0
       1
       0
       0
       0
       0
       0
       0
       0
       0
       0
       0
       0
       0
       0
       0
       0
       0
       0
       0
       0
       0
       0
       0
       0
       0
       0
       0
       0
       0
       0
       0
       0
       0
       0
       0
       0
       0
       0
       0
       0
       0
       0
       0
       0
       0
       0
       0
       0
       0
       0
       0
       0
       0
       0
       0
       0
       0
       0
       0
       0
       0
       0
       0
       0
       0
       0
       0
       0
       0
       0
       0
       0
       0
       0
       0
       0
       0
       0
       0
       0
       0
       0
       0
       0
       0
       0
       0
       0
       0
       0
       0
       0
       1
       0
       0
       0
       0
       0
       0
       0
       0
       0
       0
       0
       0
       0
       0
       0
       0
       0
       0
       0
       0
       0
       0
       0
       0
       0
       0
       0
       0
       0
       0
       0
       0
       0
       0
       0
       0
       0
       0
       0
       0
       0
       0
       0
       0
       0
       0
       0
       0
       0
       0
       0
       0
       0
       0
       0
       0
       0
       0
       0
       0
       0
       0
       0
       0
       0
       0
       0
       0
       1
       0
       0
       0
       0
       0
       0
       0
       0
       0
       0
       0
       0
       0
       0
       0
       0
       0
       0
       0
       0
       0
       0
       0
       0
       0
       0
       0
       0
       0
       0
       0
       0
       0
       0
       0
       0
       0
       0
       0
       0
       0
       0
       0
       0
       0
       0
       0
       0
       0
       0
       0
       0
       0
       0
       0
       0
       0
       0
       0
       0
       0
       0
       0
$ROI:
5
72 91
104 128
210 228
242 242
296 321
$PRESETS:
Real Time
180
0
$ENER_FIT:
0.000000 0.000000
$MCA_CAL:
3
0.000000E+000 0.000000E+000 0.000000E+000 
$SHAPE_CAL:
3
0.000000E+000 0.000000E+000 0.000000E+000
