$SPEC_ID:
No sample description was entered.
$SPEC_REM:
DET# 2
DETDESC# LAB4D2 Easy-MCA-2k SN 18162513
AP# Maestro Version 7.01
$DATE_MEA:
11/29/2022 16:23:38
$MEAS_TIM:
176 180
$DATA:
0 2047
       0
       0
       0
       0
       0
       0
       0
       0
       0
       0
       0
       0
       0
       0
       0
       0
      77
    1325
    9106
    7447
    6167
    5034
    4108
    3404
    2898
    2390
    2096
    1801
    1681
    1522
    1476
    1309
    1288
    1313
    1312
    1281
    1210
    1284
    1274
    1326
    1275
    1251
    1177
    1231
    1184
    1163
    1068
     963
     934
     869
     822
     745
     720
     624
     489
     531
     435
     396
     344
     329
     299
     262
     224
     213
     200
     163
     187
     136
     149
     111
      98
     103
      97
     100
      92
      89
      85
      59
      79
      73
      73
      41
      51
      64
      57
      66
      56
      45
      48
      46
      62
      50
      51
      68
      46
      62
      56
      62
      57
      72
      66
      69
      68
      85
      91
     104
      85
     108
     125
     125
     133
     165
     195
     217
     275
     304
     333
     351
     435
     503
     494
     507
     550
     593
     546
     583
     543
     554
     447
     407
     365
     307
     302
     250
     239
     195
     204
     187
     160
     176
     178
     135
     141
     134
     146
     113
     125
      94
      95
      77
      62
      62
      58
      46
      48
      36
      46
      31
      28
      37
      26
      28
      28
      26
      16
      26
      16
      22
      27
      16
      22
      25
      24
      28
      21
      24
      19
      24
      16
      23
      20
      26
      19
      18
      18
      16
      24
      23
      25
      21
      25
      20
      10
      17
      29
      17
      16
      16
      20
      20
      15
      18
      22
      25
      23
      21
      16
      20
      15
      17
      21
      26
      33
      22
      19
      15
      10
      23
      16
      18
      16
      14
      18
      25
      14
      17
      21
      17
      23
      19
      17
      18
      23
      22
      15
      21
      17
      22
      16
      17
      19
      27
      28
      25
      23
      31
      26
      32
      38
      29
      26
      28
      30
      36
      32
      43
      40
      31
      36
      27
      32
      27
      39
      20
      35
      34
      34
      32
      31
      37
      47
      39
      31
      39
      33
      38
      52
      44
      45
      42
      59
      49
      63
      48
      63
      67
      86
     101
     109
     103
     131
     148
     194
     228
     244
     334
     378
     474
     580
     784
     932
    1100
    1329
    1533
    1790
    2065
    2263
    2492
    2772
    2780
    2910
    2889
    2773
    2737
    2587
    2278
    2054
    1764
    1478
    1287
    1024
     802
     655
     489
     379
     276
     203
     201
     145
     114
      98
      95
      77
      78
      51
      52
      39
      38
      30
      28
      16
      19
      19
      14
      11
      12
       8
       7
       4
      10
       5
       4
       8
       4
       3
       4
       0
       2
       5
       5
       2
       2
       3
       2
       6
       2
       3
       4
       1
       3
       0
       3
       0
       2
       4
       3
       1
       0
       1
       1
       1
       5
       1
       0
       0
       2
       0
       1
       1
       0
       1
       2
       0
       2
       0
       2
       1
       0
       3
       0
       0
       1
       2
       1
       3
       3
       0
       1
       5
       2
       0
       1
       2
       1
       2
       2
       1
       2
       1
       1
       2
       2
       2
       1
       1
       2
       1
       1
       0
       1
       0
       0
       2
       1
       4
       1
       0
       2
       0
       2
       1
       3
       1
       0
       2
       4
       0
       0
       3
       3
       2
       3
       1
       1
       2
       0
       2
       1
       1
       3
       3
       2
       0
       1
       1
       1
       1
       1
       0
       0
       1
       0
       0
       1
       1
       0
       0
       1
       0
       1
       2
       2
       0
       0
       0
       0
       0
       2
       0
       0
       1
       0
       1
       2
       1
       0
       0
       3
       1
       2
       0
       1
       1
       0
       1
       1
       0
       2
       2
       0
       2
       1
       2
       0
       1
       1
       2
       2
       3
       4
       2
       3
       3
       3
       3
       1
       3
       7
       1
       3
       1
       4
       0
       2
       5
       3
       1
       5
       1
       4
       2
       2
       1
       4
       3
       1
       5
       1
       4
       3
       2
       5
       2
       3
       1
       0
       4
       2
       1
       1
       1
       1
       1
       0
       1
       0
       3
       1
       1
       0
       0
       0
       0
       2
       0
       0
       1
       0
       0
       0
       0
       0
       0
       3
       0
       3
       0
       0
       1
       0
       0
       0
       1
       1
       1
       0
       3
       1
       0
       2
       1
       0
       1
       0
       1
       3
       1
       0
       1
       0
       0
       0
       1
       0
       2
       0
       1
       1
       0
       2
       0
       1
       2
       0
       2
       0
       1
       1
       3
       3
       4
       1
       0
       2
       1
       0
       0
       1
       1
       1
       0
       2
       1
       0
       0
       0
       1
       0
       1
       0
       1
       1
       0
       0
       0
       1
       2
       0
       1
       0
       1
       0
       0
       1
       0
       1
       0
       0
       0
       0
       0
       1
       1
       0
       0
       0
       0
       0
       1
       0
       0
       0
       0
       0
       0
       0
       0
       0
       0
       0
       0
       0
       0
       0
       0
       0
       0
       0
       0
       0
       0
       0
       1
       0
       1
       0
       0
       0
       0
       0
       0
       0
       0
       0
       2
       0
       0
       0
       0
       0
       0
       0
       0
       0
       0
       0
       0
       0
       0
       0
       0
       0
       0
       0
       0
       0
       0
       0
       0
       0
       0
       0
       0
       1
       0
       1
       0
       1
       0
       0
       0
       0
       0
       0
       0
       0
       0
       0
       0
       0
       0
       0
       0
       0
       0
       1
       0
       0
       0
       0
       0
       0
       0
       0
       1
       0
       0
       0
       0
       0
       0
       0
       0
       0
       1
       0
       1
       0
       0
       0
       0
       0
       0
       0
       1
       0
       0
       0
       0
       0
       0
       0
       0
       0
       0
       0
       0
       0
       0
       0
       0
       0
       0
       0
       0
       0
       0
       1
       0
       0
       0
       1
       0
       1
       0
       0
       0
       0
       0
       0
       0
       0
       0
       0
       0
       0
       0
       0
       0
       0
       0
       0
       0
       0
       0
       0
       0
       0
       0
       0
       0
       0
       0
       0
       0
       0
       0
       0
       0
       0
       0
       1
       0
       0
       0
       0
       0
       0
       0
       0
       0
       0
       0
       0
       0
       0
       0
       0
       0
       0
       0
       0
       0
       0
       0
       0
       0
       1
       0
       0
       0
       0
       0
       0
       0
       0
       0
       0
       0
       0
       0
       1
       0
       0
       0
       0
       0
       0
       0
       0
       0
       0
       1
       0
       0
       0
       0
       0
       0
       0
       0
       0
       0
       0
       0
       0
       0
       0
       0
       0
       0
       1
       0
       0
       0
       0
       0
       0
       0
       1
       1
       0
       1
       0
       0
       0
       0
       1
       0
       0
       0
       0
       0
       0
       0
       1
       0
       0
       0
       0
       0
       0
       0
       0
       1
       0
       0
       0
       0
       0
       0
       0
       0
       0
       0
       0
       0
       0
       0
       0
       2
       0
       0
       1
       0
       0
       0
       0
       0
       0
       0
       0
       0
       0
       0
       1
       0
       0
       0
       0
       0
       0
       0
       0
       0
       0
       0
       0
       0
       0
       0
       0
       0
       0
       0
       0
       0
       0
       0
       0
       0
       0
       0
       1
       0
       0
       0
       0
       0
       0
       0
       0
       0
       0
       0
       0
       0
       0
       0
       0
       0
       0
       0
       0
       0
       0
       0
       0
       0
       0
       0
       0
       0
       0
       0
       0
       0
       0
       0
       0
       0
       0
       0
       0
       0
       0
       0
       1
       0
       0
       0
       0
       0
       0
       0
       0
       0
       0
       0
       1
       0
       0
       1
       0
       0
       0
       1
       0
       0
       0
       0
       0
       0
       0
       0
       0
       0
       0
       0
       0
       0
       0
       1
       0
       0
       0
       0
       0
       0
       0
       0
       0
       0
       0
       0
       0
       0
       0
       0
       0
       0
       0
       0
       1
       1
       0
       0
       0
       0
       1
       0
       0
       0
       0
       0
       0
       0
       0
       0
       0
       0
       0
       0
       0
       0
       0
       1
       0
       0
       0
       0
       0
       0
       0
       0
       0
       0
       0
       0
       0
       0
       0
       0
       0
       0
       0
       0
       0
       0
       0
       0
       0
       0
       0
       0
       0
       0
       0
       0
       0
       0
       0
       0
       0
       0
       0
       0
       0
       0
       0
       0
       0
       0
       0
       0
       0
       0
       0
       0
       0
       0
       0
       0
       0
       0
       0
       0
       0
       0
       0
       0
       0
       0
       0
       0
       0
       0
       0
       0
       0
       0
       0
       0
       0
       0
       0
       0
       0
       0
       0
       0
       0
       0
       0
       0
       0
       0
       1
       0
       0
       0
       0
       0
       0
       0
       0
       0
       0
       1
       0
       0
       0
       0
       0
       0
       0
       0
       0
       0
       0
       0
       0
       0
       0
       0
       0
       0
       0
       0
       0
       0
       0
       0
       0
       0
       0
       0
       0
       0
       0
       0
       0
       0
       0
       0
       0
       0
       0
       0
       0
       1
       0
       0
       0
       0
       0
       0
       0
       0
       0
       0
       0
       0
       0
       0
       0
       0
       0
       0
       0
       0
       0
       0
       0
       0
       0
       0
       0
       0
       0
       0
       0
       0
       0
       0
       0
       0
       0
       1
       1
       0
       0
       0
       0
       0
       0
       0
       0
       0
       0
       0
       0
       0
       0
       0
       0
       0
       0
       0
       0
       0
       0
       0
       0
       0
       0
       0
       0
       0
       0
       0
       0
       0
       0
       0
       0
       1
       0
       0
       0
       0
       0
       0
       0
       0
       0
       0
       0
       0
       0
       0
       0
       0
       0
       0
       0
       1
       0
       0
       0
       0
       0
       0
       0
       0
       0
       0
       0
       0
       0
       0
       0
       0
       0
       0
       0
       0
       0
       0
       0
       0
       0
       0
       0
       0
       0
       0
       0
       0
       0
       0
       0
       0
       0
       0
       0
       0
       0
       0
       0
       0
       0
       0
       0
       0
       1
       0
       0
       0
       0
       1
       0
       0
       0
       0
       0
       0
       0
       0
       0
       0
       0
       0
       0
       0
       0
       0
       1
       0
       0
       0
       0
       0
       0
       0
       0
       0
       1
       0
       0
       0
       0
       0
       0
       0
       0
       0
       0
       0
       0
       0
       0
       0
       0
       0
       0
       0
       0
       0
       0
       0
       0
       0
       0
       0
       0
       0
       0
       0
       0
       0
       0
       0
       0
       0
       0
       0
       0
       0
       0
       0
       0
       0
       0
       0
       0
       0
       0
       0
       0
       0
       0
       0
       0
       0
       0
       0
       0
       0
       0
       0
       0
       0
       0
       0
       0
       0
       0
       0
       0
       0
       0
       0
       0
       0
       0
       0
       1
       0
       0
       0
       0
       0
       0
       0
       0
       0
       0
       0
       0
       0
       0
       0
       0
       0
       0
       0
       0
       0
       0
       0
       0
       0
       0
       1
       0
       0
       0
       0
       1
       1
       0
       0
       0
       0
       0
       0
       0
       0
       0
       0
       0
       0
       0
       0
       0
       0
       0
       0
       0
       0
       0
       0
       0
       0
       0
       0
       0
       0
       0
       0
       0
       0
       0
       0
       0
       0
       0
       0
       0
       0
       0
       0
       0
       0
       0
       0
       0
       0
       0
       0
       0
       0
       0
       0
       0
       0
       0
       0
       0
       0
       0
       0
       0
       0
       0
       0
       0
       0
       0
       0
       0
       0
       0
       0
       0
       0
       0
       0
       0
       0
       0
       0
       0
       0
       0
       0
       0
       0
       0
       0
       0
       0
       0
       0
       0
       0
       0
       0
       0
       0
       0
       0
       0
       0
       0
       0
       0
       0
       0
       0
       0
       0
       0
       0
       0
       0
       0
       0
       0
       0
       0
       0
       0
       0
       0
       1
       0
       0
       1
       1
       0
       0
       0
       0
       0
       0
       0
       0
       0
       0
       0
       0
       0
       0
       0
       0
       0
       0
       0
       0
       0
       0
       0
       0
       0
       0
       0
       0
       0
       0
       0
       0
       0
       0
       0
       0
       0
       0
       0
       0
       0
       0
       0
       0
       0
       0
       0
       0
       0
       0
       0
       0
       0
       0
       0
       0
       0
       0
       0
       0
       0
       0
       0
       0
       0
       0
       0
       0
       0
       1
       0
       0
       0
       0
       0
       0
       0
       0
       0
       0
       0
       0
       0
       0
       0
       0
       0
       0
       0
       0
       0
       0
       0
       0
       0
       0
       0
       0
       0
       0
       0
       0
       0
       0
       0
       0
       0
       0
       0
       0
       0
       0
       0
       0
       0
       0
       0
       0
       0
       0
       0
       0
       0
       0
       0
       1
       0
       0
       0
       0
       0
       0
       0
       0
       0
       0
       0
       0
       0
       0
       0
       0
       0
       0
       0
       0
       0
       0
       0
       1
       0
       0
       0
       0
       0
       0
       0
       0
       0
       0
       0
       0
       0
       0
       0
       0
       0
       0
       0
       0
       0
       0
       0
       0
       0
       0
       0
       0
       0
       0
       0
       0
       0
       0
       0
       0
       0
       0
       0
       0
       0
       0
       0
       0
       0
       0
       0
       0
       0
       0
       0
       0
       0
       0
       0
       0
       0
       0
       0
       0
       0
       0
       0
       0
       0
       0
       0
       0
       0
       0
       0
       0
       0
       0
       0
       0
       0
       0
       0
       0
       0
       0
       0
       0
       0
       0
       0
       0
       0
       0
       0
       0
       0
       0
       0
       0
       0
       0
       0
       0
       0
       0
       0
       0
       0
       0
       0
       0
       0
       0
       0
       0
       0
       0
       0
       0
       0
       0
       0
       0
       0
       0
       0
       0
       0
       0
       0
       0
       0
       0
       0
       0
       0
       0
       0
       0
       0
       0
       0
       0
       0
       0
       0
       0
       0
       0
       0
       0
       0
       0
       0
       0
       0
       0
       0
       0
       0
       0
       0
       0
       0
       0
       0
       0
       0
       0
       0
       0
       0
       0
       0
       0
       0
       0
       0
       0
       0
       0
       0
       0
       0
       0
       0
       0
       0
       0
       0
$ROI:
5
72 91
104 128
210 228
242 242
296 321
$PRESETS:
Real Time
180
0
$ENER_FIT:
0.000000 0.000000
$MCA_CAL:
3
0.000000E+000 0.000000E+000 0.000000E+000 
$SHAPE_CAL:
3
0.000000E+000 0.000000E+000 0.000000E+000
