$SPEC_ID:
No sample description was entered.
$SPEC_REM:
DET# 2
DETDESC# LAB4D2 Easy-MCA-2k SN 18162513
AP# Maestro Version 7.01
$DATE_MEA:
11/29/2022 16:13:45
$MEAS_TIM:
171 180
$DATA:
0 2047
       0
       0
       0
       0
       0
       0
       0
       0
       0
       0
       0
       0
       0
       0
       0
       0
     106
    2636
   18555
   15799
   13475
   11379
    9652
    8299
    6960
    5942
    5141
    4570
    4051
    3602
    3359
    3103
    2768
    2666
    2638
    2344
    2338
    2339
    2225
    2114
    2149
    2122
    2051
    1918
    1892
    1836
    1751
    1595
    1586
    1428
    1408
    1255
    1227
    1068
     956
     976
     867
     757
     754
     678
     694
     651
     664
     629
     670
     639
     734
     771
     780
     853
     876
     838
     943
     897
     852
     799
     746
     739
     671
     636
     556
     545
     428
     369
     368
     368
     295
     282
     262
     208
     190
     180
     170
     191
     133
     149
     165
     145
     161
     132
     130
     138
     119
     137
     140
     160
     144
     170
     177
     174
     201
     169
     194
     206
     196
     208
     199
     205
     208
     204
     204
     189
     173
     172
     164
     131
     128
     123
      93
     105
     104
      91
      87
      99
      82
      91
      81
      77
      72
      86
      75
      74
      81
      75
      49
      51
      72
      55
      55
      53
      58
      53
      54
      62
      46
      55
      45
      49
      53
      49
      64
      41
      46
      46
      46
      54
      41
      53
      38
      42
      25
      48
      27
      42
      36
      49
      44
      40
      37
      32
      38
      42
      47
      33
      43
      41
      48
      43
      40
      41
      36
      38
      41
      41
      37
      38
      37
      44
      41
      41
      45
      42
      38
      30
      31
      48
      38
      45
      43
      25
      40
      34
      28
      36
      35
      39
      40
      40
      39
      42
      27
      45
      43
      33
      37
      34
      52
      41
      39
      51
      43
      45
      53
      40
      39
      45
      48
      56
      58
      42
      58
      48
      66
      54
      48
      45
      58
      54
      70
      52
      67
      72
      67
      69
      73
      71
      79
      69
      88
      93
      73
      87
      78
      57
      81
      84
      93
      80
      89
      81
      84
      86
      94
     111
     120
     114
     107
      97
     109
     120
     101
     134
     135
     148
     150
     159
     192
     216
     209
     258
     297
     362
     370
     504
     561
     757
     867
    1091
    1359
    1636
    1996
    2393
    2856
    3329
    3836
    4427
    4821
    5351
    5762
    5842
    6163
    5957
    5853
    5543
    5142
    4853
    4084
    3534
    2971
    2529
    2102
    1639
    1351
    1091
     902
     755
     576
     523
     436
     408
     339
     343
     297
     285
     234
     189
     189
     157
     139
     113
      90
      95
      60
      76
      50
      34
      46
      29
      22
      39
      25
      14
      17
      11
      10
      12
      14
      13
       8
      11
      13
      10
       5
      10
       8
      11
       7
       7
       3
       9
       7
       7
       9
       9
       8
       6
       4
       4
       5
       5
       4
       9
       1
       6
       6
       1
       7
       4
       2
       3
       6
       7
       8
       0
       3
       6
       1
       4
       2
       4
       7
       5
       4
       4
       3
       2
       3
       4
       3
       0
       4
       3
       5
       0
       3
       0
       8
       4
       4
       1
       1
       2
       1
       3
       3
       2
       2
       3
       1
       2
       4
       2
       3
       4
       1
       2
       3
       3
       6
       3
       7
       2
       0
       3
       5
       5
       3
       3
       4
       2
       5
       2
       1
       2
       3
       2
       1
       2
       3
       2
       3
       5
       5
       3
       2
       1
       3
       5
       2
       0
       0
       1
       3
       0
       2
       0
       4
       0
       3
       0
       3
       2
       1
       0
       2
       3
       2
       2
       3
       2
       3
       2
       1
       1
       1
       3
       2
       1
       1
       6
       4
       3
       1
       4
       1
       3
       2
       3
       3
       1
       1
       1
       3
       2
       5
       9
       0
       2
       6
       3
       1
       7
       6
       4
       4
       7
      10
       5
       5
       2
       3
       2
       5
       2
       2
       1
       1
       3
       3
       2
       3
       4
       6
       5
       5
       2
       4
       4
       1
       3
       4
       9
       4
       2
       2
       2
       2
       4
       1
       4
       3
       5
       3
       2
       4
       3
       7
       2
       4
       1
       3
       3
       1
       2
       8
       0
       0
       1
       0
       0
       5
       1
       5
       1
       2
       4
       3
       1
       2
       3
       3
       3
       4
       2
       1
       1
       6
       4
       1
       3
       5
       2
       2
       6
       3
       3
       2
       1
       4
       4
       6
       3
       3
       4
       6
       5
       1
       1
       6
       5
       3
       3
       1
       5
       5
       2
       3
       7
       6
       2
       4
       3
       4
       0
       1
       5
       5
       1
       5
       4
       3
       2
       1
       7
       0
       2
       0
       0
       0
       5
       0
       0
       0
       1
       0
       0
       0
       3
       1
       0
       1
       2
       0
       0
       0
       2
       0
       1
       0
       0
       2
       0
       0
       1
       0
       0
       0
       0
       1
       0
       0
       0
       0
       0
       0
       0
       0
       0
       0
       0
       1
       0
       0
       1
       0
       0
       0
       0
       0
       0
       0
       0
       0
       0
       0
       0
       0
       0
       0
       0
       0
       0
       0
       0
       0
       0
       0
       0
       0
       0
       0
       0
       0
       0
       0
       0
       0
       0
       0
       0
       0
       0
       0
       0
       0
       1
       0
       0
       0
       0
       0
       0
       1
       0
       1
       1
       0
       0
       0
       0
       0
       0
       0
       0
       0
       0
       0
       0
       0
       0
       0
       0
       1
       0
       0
       0
       0
       0
       0
       0
       0
       0
       0
       0
       0
       0
       0
       0
       0
       0
       0
       0
       0
       0
       0
       1
       0
       0
       1
       1
       0
       0
       0
       0
       0
       0
       0
       0
       0
       0
       0
       0
       0
       0
       1
       0
       0
       0
       0
       0
       0
       0
       0
       0
       0
       0
       0
       0
       0
       0
       0
       0
       0
       0
       0
       1
       0
       0
       0
       0
       1
       0
       0
       0
       0
       0
       0
       0
       0
       0
       0
       0
       0
       0
       0
       0
       0
       0
       0
       0
       0
       1
       0
       0
       0
       0
       0
       0
       1
       0
       0
       0
       0
       0
       0
       0
       0
       0
       0
       0
       0
       0
       0
       0
       1
       0
       0
       0
       1
       0
       0
       0
       1
       0
       0
       0
       0
       0
       0
       0
       0
       0
       0
       0
       0
       0
       0
       0
       0
       0
       0
       0
       0
       1
       0
       0
       0
       0
       0
       0
       0
       0
       0
       0
       0
       0
       0
       1
       0
       0
       0
       0
       0
       0
       0
       0
       1
       0
       0
       0
       0
       0
       0
       0
       0
       0
       0
       0
       0
       0
       0
       0
       0
       1
       0
       0
       0
       0
       0
       1
       0
       0
       0
       0
       0
       0
       0
       0
       0
       0
       0
       0
       0
       0
       0
       0
       0
       0
       0
       0
       0
       0
       0
       0
       0
       0
       0
       0
       0
       1
       0
       0
       0
       0
       1
       0
       0
       1
       0
       0
       0
       0
       0
       0
       0
       0
       0
       0
       0
       0
       0
       0
       0
       0
       0
       0
       0
       0
       0
       0
       0
       0
       0
       0
       0
       0
       0
       0
       0
       0
       0
       0
       0
       0
       0
       0
       0
       0
       0
       0
       0
       0
       0
       1
       1
       0
       0
       0
       0
       0
       0
       0
       1
       0
       0
       0
       0
       0
       0
       0
       0
       0
       0
       0
       0
       0
       0
       0
       0
       0
       0
       0
       0
       0
       0
       0
       1
       0
       0
       0
       0
       0
       0
       0
       0
       0
       0
       0
       0
       0
       0
       0
       0
       0
       0
       0
       0
       0
       0
       1
       0
       0
       0
       0
       1
       0
       0
       0
       0
       0
       0
       0
       0
       0
       0
       0
       0
       0
       1
       0
       0
       0
       0
       0
       0
       1
       0
       0
       0
       1
       0
       0
       0
       0
       1
       0
       0
       0
       0
       0
       0
       0
       0
       0
       0
       0
       0
       0
       0
       0
       0
       0
       0
       0
       0
       0
       0
       0
       0
       0
       0
       0
       0
       0
       0
       0
       0
       0
       0
       0
       0
       0
       0
       0
       0
       0
       0
       0
       0
       0
       0
       0
       1
       0
       0
       0
       0
       0
       1
       1
       0
       0
       0
       0
       0
       0
       0
       0
       0
       0
       0
       0
       0
       0
       0
       0
       0
       0
       0
       0
       0
       0
       0
       0
       0
       0
       0
       0
       0
       0
       0
       0
       0
       0
       0
       0
       1
       0
       0
       0
       0
       0
       0
       0
       0
       0
       0
       0
       0
       0
       0
       1
       0
       0
       0
       0
       0
       0
       0
       0
       0
       0
       0
       0
       0
       0
       1
       1
       0
       0
       0
       0
       0
       0
       0
       0
       0
       0
       0
       0
       0
       2
       0
       0
       0
       0
       0
       0
       0
       0
       0
       1
       0
       0
       0
       0
       0
       0
       1
       1
       0
       0
       0
       0
       0
       0
       0
       0
       0
       0
       0
       0
       0
       0
       0
       0
       0
       0
       0
       0
       1
       0
       0
       0
       0
       0
       0
       0
       0
       0
       0
       0
       0
       0
       0
       1
       0
       0
       0
       0
       0
       0
       0
       0
       0
       0
       0
       0
       0
       0
       0
       0
       0
       0
       0
       0
       0
       0
       0
       0
       0
       0
       0
       0
       0
       0
       0
       0
       0
       0
       0
       0
       0
       0
       0
       0
       0
       0
       0
       0
       0
       0
       0
       0
       0
       0
       0
       0
       0
       0
       0
       0
       0
       0
       0
       0
       0
       0
       0
       0
       0
       0
       0
       0
       0
       0
       0
       0
       1
       0
       0
       0
       0
       0
       0
       0
       0
       0
       0
       0
       0
       0
       0
       0
       0
       0
       0
       0
       1
       0
       0
       0
       0
       0
       0
       0
       0
       0
       0
       0
       0
       0
       0
       0
       0
       0
       0
       0
       0
       0
       0
       0
       0
       0
       0
       0
       0
       0
       0
       0
       0
       0
       0
       0
       0
       0
       0
       0
       0
       0
       0
       0
       0
       0
       0
       0
       0
       0
       0
       0
       0
       0
       0
       0
       0
       0
       0
       0
       0
       0
       0
       0
       0
       0
       0
       0
       0
       0
       0
       0
       0
       0
       0
       0
       0
       0
       0
       0
       0
       0
       0
       0
       0
       0
       0
       0
       0
       0
       0
       0
       0
       0
       0
       0
       0
       0
       0
       0
       1
       0
       0
       0
       0
       0
       0
       0
       0
       0
       0
       0
       0
       0
       0
       0
       0
       0
       0
       0
       0
       0
       0
       1
       0
       0
       0
       0
       0
       0
       0
       0
       0
       0
       0
       0
       0
       0
       0
       0
       0
       0
       0
       0
       0
       0
       0
       0
       0
       0
       0
       0
       0
       0
       0
       0
       0
       0
       0
       0
       0
       0
       0
       0
       0
       0
       0
       0
       0
       0
       0
       0
       0
       0
       0
       0
       0
       0
       0
       0
       0
       0
       0
       0
       0
       0
       0
       0
       0
       0
       0
       0
       0
       0
       0
       0
       0
       0
       0
       0
       0
       0
       0
       0
       0
       0
       0
       0
       0
       0
       0
       0
       0
       0
       0
       0
       0
       0
       0
       0
       0
       0
       0
       0
       0
       0
       0
       0
       0
       0
       0
       0
       0
       1
       0
       0
       0
       0
       0
       0
       0
       0
       0
       0
       0
       0
       0
       0
       0
       0
       0
       0
       0
       0
       0
       0
       0
       0
       0
       0
       1
       0
       0
       0
       0
       0
       1
       0
       0
       0
       0
       0
       0
       0
       0
       0
       1
       0
       0
       0
       0
       0
       0
       0
       0
       0
       0
       0
       0
       0
       0
       0
       0
       0
       0
       0
       0
       0
       0
       0
       0
       0
       0
       0
       0
       0
       0
       0
       0
       0
       0
       0
       0
       0
       0
       0
       0
       0
       0
       0
       0
       0
       0
       0
       0
       0
       0
       0
       0
       0
       0
       0
       0
       0
       0
       0
       0
       0
       0
       0
       0
       0
       0
       0
       0
       0
       0
       0
       0
       0
       0
       0
       0
       0
       0
       0
       0
       0
       0
       0
       0
       0
       0
       0
       0
       0
       0
       0
       0
       0
       0
       0
       0
       0
       0
       0
       0
       0
       0
       0
       0
       0
       0
       0
       0
       0
       0
       0
       0
       0
       0
       0
       0
       0
       0
       0
       0
       0
       0
       0
       0
       0
       0
       0
       0
       0
       0
       0
       0
       0
       0
       0
       1
       0
       0
       0
       0
       0
       0
       0
       0
       0
       0
       0
       0
       0
       0
       0
       0
       0
       0
       0
       0
       0
       0
       0
       0
       0
       0
       0
       0
       0
       0
       0
       0
       0
       0
       0
       0
       0
       0
       0
       0
       0
       0
       0
       0
       0
       0
       0
       0
       0
       0
       0
       0
       0
       0
       0
       0
       0
       0
       0
       0
       0
       0
       0
       0
       0
       0
       0
       0
       0
       0
       0
       0
       0
       0
       0
       0
       0
       0
       0
       0
       0
       0
       0
       0
       0
       0
       0
       0
       0
       0
       0
       0
       0
       0
       0
       0
       0
       0
       0
       0
       0
       0
       0
       0
       0
       0
       0
       0
       0
       0
       0
       0
       0
       0
       0
       0
       0
       0
       0
       0
       0
       0
       0
       0
       0
       0
       0
       0
       0
       0
       0
       0
       0
       0
       0
       0
       0
       0
       0
       0
       0
       0
       0
       0
       0
       0
       0
       0
       0
       0
       0
       0
       0
       0
       0
       0
       0
       0
       0
       0
       0
       0
       0
       0
       0
       0
       0
       0
       0
       0
       0
       0
       0
       0
       0
       0
       0
       0
       0
       0
       0
       0
       0
       0
       0
       0
       0
       0
       0
       0
       0
       0
       0
       0
       0
       0
       0
       0
       0
       0
       0
       0
       0
       0
       0
       0
       0
       0
       0
       0
       0
       0
       0
       0
       0
       0
       0
       0
       0
       0
       0
       0
       0
       0
       0
       0
       0
$ROI:
5
72 91
104 128
210 228
242 242
296 321
$PRESETS:
Real Time
180
0
$ENER_FIT:
0.000000 0.000000
$MCA_CAL:
3
0.000000E+000 0.000000E+000 0.000000E+000 
$SHAPE_CAL:
3
0.000000E+000 0.000000E+000 0.000000E+000
